2, 8.45856499671936, 8.459836483001709, 200 , 41.376650645112875, 0.05993006997506604, 0.03778654897577163, 0.46843287584563786, 4.9602736335443804, 0.39187796336374, 1.5166937585015368e-05, 0.012525930475156183, 6561
3, 4.423325061798096, 4.4245171546936035, 200 , 41.376650645112875, 0.05993006997506604, 0.03778654897577163, 0.46843287584563786, 4.9602736335443804, 0.39187796336374, 1.5166937585015368e-05, 0.012525930475156183, 3200, 3361
4, 2.8944547176361084, 2.8956727981567383, 200 , 41.376650645112875, 0.05993006997506604, 0.03778654897577163, 0.46843287584563786, 4.9602736335443804, 0.39187796336374, 1.5166937585015368e-05, 0.012525930475156183, 2200, 2200, 2161
5, 2.3271069526672363, 2.328312873840332, 200 , 41.376650645112875, 0.05993006997506604, 0.03778654897577163, 0.46843287584563786, 4.9602736335443804, 0.39187796336374, 1.5166937585015368e-05, 0.012525930475156183, 1600, 1600, 1761, 1600
6, 1.8869609832763672, 1.88818359375, 200 , 41.376650645112875, 0.05993006997506604, 0.03778654897577163, 0.46843287584563786, 4.9602736335443804, 0.39187796336374, 1.5166937585015368e-05, 0.012525930475156183, 1400, 1200, 1400, 1361, 1200
7, 1.5838661193847656, 1.5850787162780762, 200 , 41.376650645112875, 0.05993006997506604, 0.03778654897577163, 0.46843287584563786, 4.9602736335443804, 0.39187796336374, 1.5166937585015368e-05, 0.012525930475156183, 1000, 1000, 1000, 1200, 1161, 1200
8, 1.34108304977417, 1.3422760963439941, 200 , 41.376650645112875, 0.05993006997506604, 0.03778654897577163, 0.46843287584563786, 4.9602736335443804, 0.39187796336374, 1.5166937585015368e-05, 0.012525930475156183, 1000, 1000, 961, 1000, 800, 1000, 800
9, 1.2697455883026123, 1.2708845138549805, 200 , 41.376650645112875, 0.05993006997506604, 0.03778654897577163, 0.46843287584563786, 4.9602736335443804, 0.39187796336374, 1.5166937585015368e-05, 0.012525930475156183, 800, 800, 800, 800, 800, 800, 800, 961
10, 1.0734026432037354, 1.0745739936828613, 200 , 41.376650645112875, 0.05993006997506604, 0.03778654897577163, 0.46843287584563786, 4.9602736335443804, 0.39187796336374, 1.5166937585015368e-05, 0.012525930475156183, 600, 800, 800, 800, 761, 800, 600, 800, 600
11, 1.0714142322540283, 1.0726022720336914, 200 , 41.376650645112875, 0.05993006997506604, 0.03778654897577163, 0.46843287584563786, 4.9602736335443804, 0.39187796336374, 1.5166937585015368e-05, 0.012525930475156183, 600, 600, 800, 600, 800, 600, 600, 761, 600, 600
12, 0.995410680770874, 0.9965269565582275, 200 , 41.376650645112875, 0.05993006997506604, 0.03778654897577163, 0.46843287584563786, 4.9602736335443804, 0.39187796336374, 1.5166937585015368e-05, 0.012525930475156183, 561, 600, 600, 600, 600, 600, 600, 600, 600, 600, 600
13, 0.986574649810791, 0.9877169132232666, 200 , 41.376650645112875, 0.05993006997506604, 0.03778654897577163, 0.46843287584563786, 4.9602736335443804, 0.39187796336374, 1.5166937585015368e-05, 0.012525930475156183, 600, 561, 400, 400, 600, 600, 600, 600, 600, 600, 400, 600
14, 0.9673788547515869, 0.9685142040252686, 200 , 41.376650645112875, 0.05993006997506604, 0.03778654897577163, 0.46843287584563786, 4.9602736335443804, 0.39187796336374, 1.5166937585015368e-05, 0.012525930475156183, 400, 400, 561, 400, 400, 600, 600, 600, 400, 400, 600, 600, 600
15, 0.9124624729156494, 0.9136526584625244, 200 , 41.376650645112875, 0.05993006997506604, 0.03778654897577163, 0.46843287584563786, 4.9602736335443804, 0.39187796336374, 1.5166937585015368e-05, 0.012525930475156183, 400, 400, 400, 400, 400, 400, 600, 600, 400, 400, 400, 561, 600, 600
16, 0.9139559268951416, 0.9151105880737305, 200 , 41.376650645112875, 0.05993006997506604, 0.03778654897577163, 0.46843287584563786, 4.9602736335443804, 0.39187796336374, 1.5166937585015368e-05, 0.012525930475156183, 400, 400, 400, 400, 400, 400, 400, 600, 400, 400, 400, 400, 400, 561, 600
17, 0.8524045944213867, 0.8535823822021484, 200 , 41.376650645112875, 0.05993006997506604, 0.03778654897577163, 0.46843287584563786, 4.9602736335443804, 0.39187796336374, 1.5166937585015368e-05, 0.012525930475156183, 400, 400, 400, 400, 400, 400, 400, 400, 400, 561, 400, 400, 400, 400, 400, 400
18, 0.7260844707489014, 0.7273914813995361, 200 , 41.376650645112875, 0.05993006997506604, 0.03778654897577163, 0.46843287584563786, 4.9602736335443804, 0.39187796336374, 1.5166937585015368e-05, 0.012525930475156183, 400, 400, 400, 400, 400, 400, 400, 400, 200, 400, 400, 400, 400, 400, 400, 400, 361
19, 0.7484385967254639, 0.7496237754821777, 200 , 41.376650645112875, 0.05993006997506604, 0.03778654897577163, 0.46843287584563786, 4.9602736335443804, 0.39187796336374, 1.5166937585015368e-05, 0.012525930475156183, 200, 200, 400, 400, 400, 400, 400, 200, 361, 400, 400, 400, 400, 400, 400, 400, 400, 400
20, 0.7223412990570068, 0.7235636711120605, 200 , 41.376650645112875, 0.05993006997506604, 0.03778654897577163, 0.46843287584563786, 4.9602736335443804, 0.39187796336374, 1.5166937585015368e-05, 0.012525930475156183, 200, 400, 400, 400, 400, 400, 400, 400, 400, 200, 200, 400, 400, 400, 400, 400, 200, 200, 361
21, 0.7260627746582031, 0.727454423904419, 200 , 41.376650645112875, 0.05993006997506604, 0.03778654897577163, 0.46843287584563786, 4.9602736335443804, 0.39187796336374, 1.5166937585015368e-05, 0.012525930475156183, 400, 200, 200, 200, 400, 400, 400, 400, 200, 200, 400, 400, 400, 400, 400, 400, 200, 400, 361, 200
22, 0.7661371231079102, 0.7673823833465576, 200 , 41.376650645112875, 0.05993006997506604, 0.03778654897577163, 0.46843287584563786, 4.9602736335443804, 0.39187796336374, 1.5166937585015368e-05, 0.012525930475156183, 200, 200, 200, 200, 200, 200, 200, 200, 400, 400, 361, 200, 400, 400, 400, 400, 400, 400, 400, 400, 400
23, 0.7432942390441895, 0.7446870803833008, 200 , 41.376650645112875, 0.05993006997506604, 0.03778654897577163, 0.46843287584563786, 4.9602736335443804, 0.39187796336374, 1.5166937585015368e-05, 0.012525930475156183, 200, 400, 200, 400, 400, 200, 400, 400, 200, 200, 400, 200, 200, 400, 400, 400, 400, 200, 200, 361, 200, 200
24, 0.7243952751159668, 0.7257912158966064, 200 , 41.376650645112875, 0.05993006997506604, 0.03778654897577163, 0.46843287584563786, 4.9602736335443804, 0.39187796336374, 1.5166937585015368e-05, 0.012525930475156183, 400, 400, 400, 200, 200, 200, 400, 400, 200, 200, 200, 400, 200, 400, 200, 400, 200, 361, 200, 200, 400, 200, 200
25, 0.759552001953125, 0.7609405517578125, 200 , 41.376650645112875, 0.05993006997506604, 0.03778654897577163, 0.46843287584563786, 4.9602736335443804, 0.39187796336374, 1.5166937585015368e-05, 0.012525930475156183, 200, 200, 200, 200, 200, 200, 200, 200, 400, 200, 361, 200, 200, 400, 400, 200, 400, 200, 400, 200, 400, 400, 400, 200
26, 0.7464735507965088, 0.7478375434875488, 200 , 41.376650645112875, 0.05993006997506604, 0.03778654897577163, 0.46843287584563786, 4.9602736335443804, 0.39187796336374, 1.5166937585015368e-05, 0.012525930475156183, 200, 361, 200, 200, 200, 200, 200, 200, 200, 200, 200, 200, 200, 200, 200, 200, 200, 400, 400, 400, 400, 400, 400, 400, 200
27, 0.7370448112487793, 0.738502025604248, 200 , 41.376650645112875, 0.05993006997506604, 0.03778654897577163, 0.46843287584563786, 4.9602736335443804, 0.39187796336374, 1.5166937585015368e-05, 0.012525930475156183, 200, 200, 200, 200, 200, 400, 200, 200, 200, 200, 200, 200, 400, 200, 200, 400, 200, 200, 400, 400, 361, 200, 400, 200, 200, 200
28, 0.7333278656005859, 0.7346606254577637, 200 , 41.376650645112875, 0.05993006997506604, 0.03778654897577163, 0.46843287584563786, 4.9602736335443804, 0.39187796336374, 1.5166937585015368e-05, 0.012525930475156183, 200, 200, 200, 400, 200, 400, 200, 200, 200, 200, 200, 200, 400, 200, 200, 400, 200, 200, 200, 361, 200, 200, 400, 200, 200, 200, 200
29, 0.7429749965667725, 0.7443299293518066, 200 , 41.376650645112875, 0.05993006997506604, 0.03778654897577163, 0.46843287584563786, 4.9602736335443804, 0.39187796336374, 1.5166937585015368e-05, 0.012525930475156183, 200, 200, 200, 200, 200, 400, 200, 400, 200, 200, 200, 200, 200, 200, 400, 200, 200, 200, 200, 200, 400, 200, 361, 200, 200, 200, 200, 200
30, 0.7470309734344482, 0.748375415802002, 200 , 41.376650645112875, 0.05993006997506604, 0.03778654897577163, 0.46843287584563786, 4.9602736335443804, 0.39187796336374, 1.5166937585015368e-05, 0.012525930475156183, 200, 200, 200, 200, 200, 200, 400, 200, 200, 200, 200, 200, 200, 200, 200, 200, 200, 200, 200, 200, 200, 400, 361, 400, 200, 200, 200, 200, 200
31, 0.7638285160064697, 0.7651896476745605, 200 , 41.376650645112875, 0.05993006997506604, 0.03778654897577163, 0.46843287584563786, 4.9602736335443804, 0.39187796336374, 1.5166937585015368e-05, 0.012525930475156183, 200, 200, 200, 200, 200, 200, 200, 200, 200, 200, 200, 200, 200, 200, 400, 200, 200, 200, 200, 200, 200, 200, 361, 400, 200, 200, 200, 200, 200, 200
32, 0.7456836700439453, 0.7470638751983643, 200 , 41.376650645112875, 0.05993006997506604, 0.03778654897577163, 0.46843287584563786, 4.9602736335443804, 0.39187796336374, 1.5166937585015368e-05, 0.012525930475156183, 200, 200, 200, 200, 200, 200, 200, 200, 200, 200, 200, 200, 200, 200, 200, 361, 200, 200, 200, 200, 200, 200, 200, 400, 200, 200, 200, 200, 200, 200, 200
33, 0.7795968055725098, 0.7809545993804932, 200 , 41.376650645112875, 0.05993006997506604, 0.03778654897577163, 0.46843287584563786, 4.9602736335443804, 0.39187796336374, 1.5166937585015368e-05, 0.012525930475156183, 200, 200, 200, 200, 200, 200, 200, 200, 200, 200, 200, 200, 200, 200, 200, 200, 200, 200, 200, 200, 200, 200, 200, 200, 361, 200, 200, 200, 200, 200, 200, 200
34, 0.6958053112030029, 0.697399377822876, 200 , 41.376650645112875, 0.05993006997506604, 0.03778654897577163, 0.46843287584563786, 4.9602736335443804, 0.39187796336374, 1.5166937585015368e-05, 0.012525930475156183, 161, 200, 200, 200, 200, 200, 200, 200, 200, 200, 200, 200, 200, 200, 200, 200, 200, 200, 200, 200, 200, 200, 200, 200, 200, 200, 200, 200, 200, 200, 200, 200, 200
35, 0.7096331119537354, 0.7109692096710205, 200 , 41.376650645112875, 0.05993006997506604, 0.03778654897577163, 0.46843287584563786, 4.9602736335443804, 0.39187796336374, 1.5166937585015368e-05, 0.012525930475156183, 0, 161, 200, 200, 200, 200, 200, 200, 200, 200, 200, 200, 200, 200, 200, 200, 200, 200, 200, 200, 200, 200, 200, 200, 200, 200, 200, 200, 200, 200, 200, 200, 200, 200
36, 0.7113549709320068, 0.7127091884613037, 200 , 41.376650645112875, 0.05993006997506604, 0.03778654897577163, 0.46843287584563786, 4.9602736335443804, 0.39187796336374, 1.5166937585015368e-05, 0.012525930475156183, 0, 0, 161, 200, 200, 200, 200, 200, 200, 200, 200, 200, 200, 200, 200, 200, 200, 200, 200, 200, 200, 200, 200, 200, 200, 200, 200, 200, 200, 200, 200, 200, 200, 200, 200
37, 0.680288553237915, 0.6817669868469238, 200 , 41.376650645112875, 0.05993006997506604, 0.03778654897577163, 0.46843287584563786, 4.9602736335443804, 0.39187796336374, 1.5166937585015368e-05, 0.012525930475156183, 0, 0, 0, 161, 200, 200, 200, 200, 200, 200, 200, 200, 200, 200, 200, 200, 200, 200, 200, 200, 200, 200, 200, 200, 200, 200, 200, 200, 200, 200, 200, 200, 200, 200, 200, 200
38, 0.7112436294555664, 0.7126362323760986, 200 , 41.376650645112875, 0.05993006997506604, 0.03778654897577163, 0.46843287584563786, 4.9602736335443804, 0.39187796336374, 1.5166937585015368e-05, 0.012525930475156183, 0, 0, 0, 0, 161, 200, 200, 200, 200, 200, 200, 200, 200, 200, 200, 200, 200, 200, 200, 200, 200, 200, 200, 200, 200, 200, 200, 200, 200, 200, 200, 200, 200, 200, 200, 200, 200
39, 0.68341064453125, 0.6848983764648438, 200 , 41.376650645112875, 0.05993006997506604, 0.03778654897577163, 0.46843287584563786, 4.9602736335443804, 0.39187796336374, 1.5166937585015368e-05, 0.012525930475156183, 0, 0, 0, 0, 0, 161, 200, 200, 200, 200, 200, 200, 200, 200, 200, 200, 200, 200, 200, 200, 200, 200, 200, 200, 200, 200, 200, 200, 200, 200, 200, 200, 200, 200, 200, 200, 200, 200
40, 0.7613539695739746, 0.7627213001251221, 200 , 41.376650645112875, 0.05993006997506604, 0.03778654897577163, 0.46843287584563786, 4.9602736335443804, 0.39187796336374, 1.5166937585015368e-05, 0.012525930475156183, 0, 0, 0, 0, 0, 0, 161, 200, 200, 200, 200, 200, 200, 200, 200, 200, 200, 200, 200, 200, 200, 200, 200, 200, 200, 200, 200, 200, 200, 200, 200, 200, 200, 200, 200, 200, 200, 200, 200
41, 0.702322244644165, 0.7037122249603271, 200 , 41.376650645112875, 0.05993006997506604, 0.03778654897577163, 0.46843287584563786, 4.9602736335443804, 0.39187796336374, 1.5166937585015368e-05, 0.012525930475156183, 0, 0, 0, 0, 0, 0, 0, 161, 200, 200, 200, 200, 200, 200, 200, 200, 200, 200, 200, 200, 200, 200, 200, 200, 200, 200, 200, 200, 200, 200, 200, 200, 200, 200, 200, 200, 200, 200, 200, 200
42, 0.6900179386138916, 0.6913928985595703, 200 , 41.376650645112875, 0.05993006997506604, 0.03778654897577163, 0.46843287584563786, 4.9602736335443804, 0.39187796336374, 1.5166937585015368e-05, 0.012525930475156183, 0, 0, 0, 0, 0, 0, 0, 0, 161, 200, 200, 200, 200, 200, 200, 200, 200, 200, 200, 200, 200, 200, 200, 200, 200, 200, 200, 200, 200, 200, 200, 200, 200, 200, 200, 200, 200, 200, 200, 200, 200
43, 0.7313144207000732, 0.7328445911407471, 200 , 41.376650645112875, 0.05993006997506604, 0.03778654897577163, 0.46843287584563786, 4.9602736335443804, 0.39187796336374, 1.5166937585015368e-05, 0.012525930475156183, 0, 0, 0, 0, 0, 0, 0, 0, 0, 161, 200, 200, 200, 200, 200, 200, 200, 200, 200, 200, 200, 200, 200, 200, 200, 200, 200, 200, 200, 200, 200, 200, 200, 200, 200, 200, 200, 200, 200, 200, 200, 200
44, 0.7080178260803223, 0.7094495296478271, 200 , 41.376650645112875, 0.05993006997506604, 0.03778654897577163, 0.46843287584563786, 4.9602736335443804, 0.39187796336374, 1.5166937585015368e-05, 0.012525930475156183, 0, 0, 0, 0, 0, 0, 0, 0, 0, 0, 161, 200, 200, 200, 200, 200, 200, 200, 200, 200, 200, 200, 200, 200, 200, 200, 200, 200, 200, 200, 200, 200, 200, 200, 200, 200, 200, 200, 200, 200, 200, 200, 200
45, 0.687669038772583, 0.6890079975128174, 200 , 41.376650645112875, 0.05993006997506604, 0.03778654897577163, 0.46843287584563786, 4.9602736335443804, 0.39187796336374, 1.5166937585015368e-05, 0.012525930475156183, 0, 0, 0, 0, 0, 0, 0, 0, 0, 0, 0, 161, 200, 200, 200, 200, 200, 200, 200, 200, 200, 200, 200, 200, 200, 200, 200, 200, 200, 200, 200, 200, 200, 200, 200, 200, 200, 200, 200, 200, 200, 200, 200, 200
46, 0.7007710933685303, 0.7023148536682129, 200 , 41.376650645112875, 0.05993006997506604, 0.03778654897577163, 0.46843287584563786, 4.9602736335443804, 0.39187796336374, 1.5166937585015368e-05, 0.012525930475156183, 0, 0, 0, 0, 0, 0, 0, 0, 0, 0, 0, 0, 161, 200, 200, 200, 200, 200, 200, 200, 200, 200, 200, 200, 200, 200, 200, 200, 200, 200, 200, 200, 200, 200, 200, 200, 200, 200, 200, 200, 200, 200, 200, 200, 200
47, 0.7608218193054199, 0.7621920108795166, 200 , 41.376650645112875, 0.05993006997506604, 0.03778654897577163, 0.46843287584563786, 4.9602736335443804, 0.39187796336374, 1.5166937585015368e-05, 0.012525930475156183, 0, 0, 0, 0, 0, 0, 0, 0, 0, 0, 0, 0, 0, 161, 200, 200, 200, 200, 200, 200, 200, 200, 200, 200, 200, 200, 200, 200, 200, 200, 200, 200, 200, 200, 200, 200, 200, 200, 200, 200, 200, 200, 200, 200, 200, 200
48, 0.6917805671691895, 0.6931345462799072, 200 , 41.376650645112875, 0.05993006997506604, 0.03778654897577163, 0.46843287584563786, 4.9602736335443804, 0.39187796336374, 1.5166937585015368e-05, 0.012525930475156183, 0, 0, 0, 0, 0, 0, 0, 0, 0, 0, 0, 0, 0, 0, 161, 200, 200, 200, 200, 200, 200, 200, 200, 200, 200, 200, 200, 200, 200, 200, 200, 200, 200, 200, 200, 200, 200, 200, 200, 200, 200, 200, 200, 200, 200, 200, 200
49, 0.8034381866455078, 0.8049671649932861, 200 , 41.376650645112875, 0.05993006997506604, 0.03778654897577163, 0.46843287584563786, 4.9602736335443804, 0.39187796336374, 1.5166937585015368e-05, 0.012525930475156183, 0, 0, 0, 0, 0, 0, 0, 0, 0, 0, 0, 0, 0, 0, 0, 161, 200, 200, 200, 200, 200, 200, 200, 200, 200, 200, 200, 200, 200, 200, 200, 200, 200, 200, 200, 200, 200, 200, 200, 200, 200, 200, 200, 200, 200, 200, 200, 200
50, 0.7021987438201904, 0.7035391330718994, 200 , 41.376650645112875, 0.05993006997506604, 0.03778654897577163, 0.46843287584563786, 4.9602736335443804, 0.39187796336374, 1.5166937585015368e-05, 0.012525930475156183, 0, 0, 0, 0, 0, 0, 0, 0, 0, 0, 0, 0, 0, 0, 0, 0, 161, 200, 200, 200, 200, 200, 200, 200, 200, 200, 200, 200, 200, 200, 200, 200, 200, 200, 200, 200, 200, 200, 200, 200, 200, 200, 200, 200, 200, 200, 200, 200, 200
51, 0.7020299434661865, 0.7034509181976318, 200 , 41.376650645112875, 0.05993006997506604, 0.03778654897577163, 0.46843287584563786, 4.9602736335443804, 0.39187796336374, 1.5166937585015368e-05, 0.012525930475156183, 0, 0, 0, 0, 0, 0, 0, 0, 0, 0, 0, 0, 0, 0, 0, 0, 0, 161, 200, 200, 200, 200, 200, 200, 200, 200, 200, 200, 200, 200, 200, 200, 200, 200, 200, 200, 200, 200, 200, 200, 200, 200, 200, 200, 200, 200, 200, 200, 200, 200
52, 0.6986384391784668, 0.7000644207000732, 200 , 41.376650645112875, 0.05993006997506604, 0.03778654897577163, 0.46843287584563786, 4.9602736335443804, 0.39187796336374, 1.5166937585015368e-05, 0.012525930475156183, 0, 0, 0, 0, 0, 0, 0, 0, 0, 0, 0, 0, 0, 0, 0, 0, 0, 0, 161, 200, 200, 200, 200, 200, 200, 200, 200, 200, 200, 200, 200, 200, 200, 200, 200, 200, 200, 200, 200, 200, 200, 200, 200, 200, 200, 200, 200, 200, 200, 200, 200
53, 0.7196776866912842, 0.7211647033691406, 200 , 41.376650645112875, 0.05993006997506604, 0.03778654897577163, 0.46843287584563786, 4.9602736335443804, 0.39187796336374, 1.5166937585015368e-05, 0.012525930475156183, 0, 0, 0, 0, 0, 0, 0, 0, 0, 0, 0, 0, 0, 0, 0, 0, 0, 0, 0, 161, 200, 200, 200, 200, 200, 200, 200, 200, 200, 200, 200, 200, 200, 200, 200, 200, 200, 200, 200, 200, 200, 200, 200, 200, 200, 200, 200, 200, 200, 200, 200, 200
54, 0.7083046436309814, 0.7096061706542969, 200 , 41.376650645112875, 0.05993006997506604, 0.03778654897577163, 0.46843287584563786, 4.9602736335443804, 0.39187796336374, 1.5166937585015368e-05, 0.012525930475156183, 0, 0, 0, 0, 0, 0, 0, 0, 0, 0, 0, 0, 0, 0, 0, 0, 0, 0, 0, 0, 161, 200, 200, 200, 200, 200, 200, 200, 200, 200, 200, 200, 200, 200, 200, 200, 200, 200, 200, 200, 200, 200, 200, 200, 200, 200, 200, 200, 200, 200, 200, 200, 200
55, 0.7445127964019775, 0.7460057735443115, 200 , 41.376650645112875, 0.05993006997506604, 0.03778654897577163, 0.46843287584563786, 4.9602736335443804, 0.39187796336374, 1.5166937585015368e-05, 0.012525930475156183, 0, 0, 0, 0, 0, 0, 0, 0, 0, 0, 0, 0, 0, 0, 0, 0, 0, 0, 0, 0, 0, 161, 200, 200, 200, 200, 200, 200, 200, 200, 200, 200, 200, 200, 200, 200, 200, 200, 200, 200, 200, 200, 200, 200, 200, 200, 200, 200, 200, 200, 200, 200, 200, 200
56, 0.7673251628875732, 0.7687520980834961, 200 , 41.376650645112875, 0.05993006997506604, 0.03778654897577163, 0.46843287584563786, 4.9602736335443804, 0.39187796336374, 1.5166937585015368e-05, 0.012525930475156183, 0, 0, 0, 0, 0, 0, 0, 0, 0, 0, 0, 0, 0, 0, 0, 0, 0, 0, 0, 0, 0, 0, 161, 200, 200, 200, 200, 200, 200, 200, 200, 200, 200, 200, 200, 200, 200, 200, 200, 200, 200, 200, 200, 200, 200, 200, 200, 200, 200, 200, 200, 200, 200, 200, 200
57, 0.7982587814331055, 0.7997982501983643, 200 , 41.376650645112875, 0.05993006997506604, 0.03778654897577163, 0.46843287584563786, 4.9602736335443804, 0.39187796336374, 1.5166937585015368e-05, 0.012525930475156183, 0, 0, 0, 0, 0, 0, 0, 0, 0, 0, 0, 0, 0, 0, 0, 0, 0, 0, 0, 0, 0, 0, 0, 161, 200, 200, 200, 200, 200, 200, 200, 200, 200, 200, 200, 200, 200, 200, 200, 200, 200, 200, 200, 200, 200, 200, 200, 200, 200, 200, 200, 200, 200, 200, 200, 200
58, 0.8184571266174316, 0.8199496269226074, 200 , 41.376650645112875, 0.05993006997506604, 0.03778654897577163, 0.46843287584563786, 4.9602736335443804, 0.39187796336374, 1.5166937585015368e-05, 0.012525930475156183, 0, 0, 0, 0, 0, 0, 0, 0, 0, 0, 0, 0, 0, 0, 0, 0, 0, 0, 0, 0, 0, 0, 0, 0, 161, 200, 200, 200, 200, 200, 200, 200, 200, 200, 200, 200, 200, 200, 200, 200, 200, 200, 200, 200, 200, 200, 200, 200, 200, 200, 200, 200, 200, 200, 200, 200, 200
59, 0.7070345878601074, 0.7084670066833496, 200 , 41.376650645112875, 0.05993006997506604, 0.03778654897577163, 0.46843287584563786, 4.9602736335443804, 0.39187796336374, 1.5166937585015368e-05, 0.012525930475156183, 0, 0, 0, 0, 0, 0, 0, 0, 0, 0, 0, 0, 0, 0, 0, 0, 0, 0, 0, 0, 0, 0, 0, 0, 0, 161, 200, 200, 200, 200, 200, 200, 200, 200, 200, 200, 200, 200, 200, 200, 200, 200, 200, 200, 200, 200, 200, 200, 200, 200, 200, 200, 200, 200, 200, 200, 200, 200
60, 0.7067573070526123, 0.7081286907196045, 200 , 41.376650645112875, 0.05993006997506604, 0.03778654897577163, 0.46843287584563786, 4.9602736335443804, 0.39187796336374, 1.5166937585015368e-05, 0.012525930475156183, 0, 0, 0, 0, 0, 0, 0, 0, 0, 0, 0, 0, 0, 0, 0, 0, 0, 0, 0, 0, 0, 0, 0, 0, 0, 0, 161, 200, 200, 200, 200, 200, 200, 200, 200, 200, 200, 200, 200, 200, 200, 200, 200, 200, 200, 200, 200, 200, 200, 200, 200, 200, 200, 200, 200, 200, 200, 200, 200
61, 0.8112914562225342, 0.8128650188446045, 200 , 41.376650645112875, 0.05993006997506604, 0.03778654897577163, 0.46843287584563786, 4.9602736335443804, 0.39187796336374, 1.5166937585015368e-05, 0.012525930475156183, 0, 0, 0, 0, 0, 0, 0, 0, 0, 0, 0, 0, 0, 0, 0, 0, 0, 0, 0, 0, 0, 0, 0, 0, 0, 0, 0, 161, 200, 200, 200, 200, 200, 200, 200, 200, 200, 200, 200, 200, 200, 200, 200, 200, 200, 200, 200, 200, 200, 200, 200, 200, 200, 200, 200, 200, 200, 200, 200, 200
62, 0.7562758922576904, 0.7578654289245605, 200 , 41.376650645112875, 0.05993006997506604, 0.03778654897577163, 0.46843287584563786, 4.9602736335443804, 0.39187796336374, 1.5166937585015368e-05, 0.012525930475156183, 0, 0, 0, 0, 0, 0, 0, 0, 0, 0, 0, 0, 0, 0, 0, 0, 0, 0, 0, 0, 0, 0, 0, 0, 0, 0, 0, 0, 161, 200, 200, 200, 200, 200, 200, 200, 200, 200, 200, 200, 200, 200, 200, 200, 200, 200, 200, 200, 200, 200, 200, 200, 200, 200, 200, 200, 200, 200, 200, 200, 200
63, 0.706801176071167, 0.7081961631774902, 200 , 41.376650645112875, 0.05993006997506604, 0.03778654897577163, 0.46843287584563786, 4.9602736335443804, 0.39187796336374, 1.5166937585015368e-05, 0.012525930475156183, 0, 0, 0, 0, 0, 0, 0, 0, 0, 0, 0, 0, 0, 0, 0, 0, 0, 0, 0, 0, 0, 0, 0, 0, 0, 0, 0, 0, 0, 161, 200, 200, 200, 200, 200, 200, 200, 200, 200, 200, 200, 200, 200, 200, 200, 200, 200, 200, 200, 200, 200, 200, 200, 200, 200, 200, 200, 200, 200, 200, 200, 200
64, 0.7396466732025146, 0.7412643432617188, 200 , 41.376650645112875, 0.05993006997506604, 0.03778654897577163, 0.46843287584563786, 4.9602736335443804, 0.39187796336374, 1.5166937585015368e-05, 0.012525930475156183, 0, 0, 0, 0, 0, 0, 0, 0, 0, 0, 0, 0, 0, 0, 0, 0, 0, 0, 0, 0, 0, 0, 0, 0, 0, 0, 0, 0, 0, 0, 161, 200, 200, 200, 200, 200, 200, 200, 200, 200, 200, 200, 200, 200, 200, 200, 200, 200, 200, 200, 200, 200, 200, 200, 200, 200, 200, 200, 200, 200, 200, 200, 200