
32, 574.8299932479858, 574.9119203090668, 1 , 44.80892810188109, 0.038668264912449714, 0.02470303657557137, 0.47836966974436773, 5.561263810898983, 0.29675131247831876, -3.1514787811426406e-06, 0.012539188911182036, 12958, 12931, 12899, 12582, 12553, 12521, 12512, 12591, 12524, 12509, 12495, 12482, 12472, 12468, 12606, 12577, 12535, 12517, 12512, 12511, 12495, 12489, 12488, 12590, 12556, 12482, 12529, 12537, 12526, 12523, 13655
32, 289.82908940315247, 289.91752648353577, 2 , 44.80892810188109, 0.038668264912449714, 0.02470303657557137, 0.47836966974436773, 5.561263810898983, 0.29675131247831876, -3.1514787811426406e-06, 0.012539188911182036, 13088, 13050, 12982, 12572, 12470, 12428, 12408, 12488, 12430, 12414, 12402, 12396, 12384, 12380, 12566, 12548, 12492, 12472, 12462, 12462, 12444, 12432, 12432, 12552, 12534, 12528, 12524, 12579, 12546, 12544, 14616
32, 222.9566032886505, 223.04678463935852, 3 , 44.80892810188109, 0.038668264912449714, 0.02470303657557137, 0.47836966974436773, 5.561263810898983, 0.29675131247831876, -3.1514787811426406e-06, 0.012539188911182036, 12925, 12921, 12921, 12549, 12549, 12546, 12546, 12585, 12570, 12567, 12564, 12573, 12564, 12564, 12573, 12576, 12570, 12570, 12570, 12576, 12564, 12555, 12558, 12585, 12564, 12567, 12567, 12579, 12567, 12576, 12564
32, 171.12138438224792, 171.2037878036499, 4 , 44.80892810188109, 0.038668264912449714, 0.02470303657557137, 0.47836966974436773, 5.561263810898983, 0.29675131247831876, -3.1514787811426406e-06, 0.012539188911182036, 12904, 12904, 12900, 12568, 12560, 12552, 12552, 12584, 12576, 12576, 12572, 12576, 12569, 12568, 12568, 12576, 12568, 12568, 12564, 12572, 12568, 12564, 12564, 12576, 12568, 12568, 12572, 12572, 12564, 12564, 12568
32, 156.10668849945068, 156.1936616897583, 5 , 44.80892810188109, 0.038668264912449714, 0.02470303657557137, 0.47836966974436773, 5.561263810898983, 0.29675131247831876, -3.1514787811426406e-06, 0.012539188911182036, 12995, 12995, 12995, 12590, 12560, 12540, 12545, 12630, 12565, 12555, 12555, 12560, 12555, 12555, 12565, 12565, 12550, 12550, 12545, 12555, 12560, 12555, 12550, 12575, 12560, 12555, 12560, 12550, 12545, 12540, 12550
32, 140.84088158607483, 140.92497301101685, 6 , 44.80892810188109, 0.038668264912449714, 0.02470303657557137, 0.47836966974436773, 5.561263810898983, 0.29675131247831876, -3.1514787811426406e-06, 0.012539188911182036, 13134, 13134, 13134, 12678, 12534, 12516, 12522, 12690, 12564, 12540, 12534, 12534, 12534, 12534, 12540, 12528, 12528, 12523, 12516, 12540, 12528, 12528, 12522, 12564, 12528, 12528, 12534, 12540, 12528, 12534, 12534
32, 122.89789152145386, 122.98531007766724, 7 , 44.80892810188109, 0.038668264912449714, 0.02470303657557137, 0.47836966974436773, 5.561263810898983, 0.29675131247831876, -3.1514787811426406e-06, 0.012539188911182036, 13125, 13118, 13125, 12614, 12558, 12516, 12530, 12663, 12593, 12572, 12551, 12544, 12544, 12544, 12551, 12530, 12523, 12523, 12530, 12520, 12530, 12516, 12516, 12565, 12537, 12530, 12530, 12530, 12523, 12530, 12544
32, 114.83354902267456, 114.91788697242737, 8 , 44.80892810188109, 0.038668264912449714, 0.02470303657557137, 0.47836966974436773, 5.561263810898983, 0.29675131247831876, -3.1514787811426406e-06, 0.012539188911182036, 13192, 13192, 13192, 12616, 12560, 12528, 12520, 12672, 12584, 12552, 12544, 12544, 12536, 12544, 12544, 12528, 12520, 12520, 12512, 12536, 12520, 12520, 12520, 12576, 12544, 12544, 12536, 12480, 12480, 12473, 12496
32, 111.22666907310486, 111.31487488746643, 9 , 44.80892810188109, 0.038668264912449714, 0.02470303657557137, 0.47836966974436773, 5.561263810898983, 0.29675131247831876, -3.1514787811426406e-06, 0.012539188911182036, 13329, 13329, 13327, 12519, 12501, 12501, 12501, 12645, 12528, 12537, 12537, 12537, 12528, 12519, 12528, 12537, 12519, 12537, 12537, 12519, 12501, 12501, 12501, 12528, 12528, 12519, 12510, 12501, 12501, 12510, 12510
32, 105.27857542037964, 105.3630301952362, 10 , 44.80892810188109, 0.038668264912449714, 0.02470303657557137, 0.47836966974436773, 5.561263810898983, 0.29675131247831876, -3.1514787811426406e-06, 0.012539188911182036, 13240, 13240, 13240, 12500, 12520, 12485, 12490, 12650, 12540, 12570, 12540, 12540, 12530, 12530, 12520, 12530, 12530, 12530, 12520, 12540, 12510, 12510, 12510, 12550, 12550, 12540, 12520, 12550, 12530, 12530, 12540
32, 105.16519856452942, 105.25423741340637, 11 , 44.80892810188109, 0.038668264912449714, 0.02470303657557137, 0.47836966974436773, 5.561263810898983, 0.29675131247831876, -3.1514787811426406e-06, 0.012539188911182036, 13277, 13277, 13277, 12518, 12540, 12529, 12518, 12654, 12584, 12551, 12540, 12540, 12529, 12518, 12540, 12540, 12496, 12496, 12496, 12496, 12507, 12496, 12474, 12562, 12529, 12529, 12529, 12496, 12507, 12529, 12551
32, 100.66698503494263, 100.7517192363739, 12 , 44.80892810188109, 0.038668264912449714, 0.02470303657557137, 0.47836966974436773, 5.561263810898983, 0.29675131247831876, -3.1514787811426406e-06, 0.012539188911182036, 13248, 13200, 13188, 12528, 12576, 12468, 12468, 12648, 12576, 12612, 12552, 12540, 12552, 12540, 12540, 12552, 12552, 12552, 12540, 12528, 12504, 12480, 12480, 12588, 12541, 12576, 12540, 12492, 12492, 12468, 12504
32, 95.02768778800964, 95.11597323417664, 13 , 44.80892810188109, 0.038668264912449714, 0.02470303657557137, 0.47836966974436773, 5.561263810898983, 0.29675131247831876, -3.1514787811426406e-06, 0.012539188911182036, 13299, 13273, 13248, 12506, 12519, 12493, 12506, 12662, 12571, 12558, 12558, 12571, 12545, 12545, 12558, 12610, 12545, 12571, 12532, 12467, 12480, 12467, 12467, 12649, 12571, 12571, 12545, 12441, 12415, 12428, 12454
32, 92.00738406181335, 92.09982824325562, 14 , 44.80892810188109, 0.038668264912449714, 0.02470303657557137, 0.47836966974436773, 5.561263810898983, 0.29675131247831876, -3.1514787811426406e-06, 0.012539188911182036, 13314, 13230, 13244, 12544, 12544, 12446, 12432, 12642, 12558, 12614, 12586, 12516, 12516, 12516, 12530, 12502, 12516, 12558, 12516, 12513, 12502, 12502, 12502, 12614, 12558, 12572, 12558, 12502, 12488, 12488, 12502
32, 89.81171822547913, 89.90093517303467, 15 , 44.80892810188109, 0.038668264912449714, 0.02470303657557137, 0.47836966974436773, 5.561263810898983, 0.29675131247831876, -3.1514787811426406e-06, 0.012539188911182036, 13260, 13230, 13245, 12510, 12495, 12480, 12465, 12640, 12555, 12540, 12540, 12555, 12525, 12525, 12540, 12540, 12525, 12525, 12525, 12540, 12525, 12525, 12525, 12615, 12555, 12540, 12555, 12510, 12495, 12510, 12510
32, 88.01403737068176, 88.0978832244873, 16 , 44.80892810188109, 0.038668264912449714, 0.02470303657557137, 0.47836966974436773, 5.561263810898983, 0.29675131247831876, -3.1514787811426406e-06, 0.012539188911182036, 13296, 13168, 13152, 12512, 12512, 12432, 12432, 12560, 12512, 12576, 12528, 12544, 12544, 12544, 12544, 12560, 12512, 12576, 12544, 12576, 12544, 12544, 12529, 12544, 12544, 12592, 12544, 12560, 12544, 12528, 12528
32, 85.58370304107666, 85.67120099067688, 17 , 44.80892810188109, 0.038668264912449714, 0.02470303657557137, 0.47836966974436773, 5.561263810898983, 0.29675131247831876, -3.1514787811426406e-06, 0.012539188911182036, 13293, 13260, 13260, 12495, 12495, 12478, 12461, 12580, 12546, 12529, 12529, 12546, 12546, 12529, 12529, 12529, 12529, 12529, 12529, 12529, 12529, 12529, 12546, 12546, 12546, 12546, 12546, 12546, 12529, 12529, 12512
32, 85.320547580719, 85.40891408920288, 18 , 44.80892810188109, 0.038668264912449714, 0.02470303657557137, 0.47836966974436773, 5.561263810898983, 0.29675131247831876, -3.1514787811426406e-06, 0.012539188911182036, 13230, 13230, 13212, 12474, 12474, 12474, 12456, 12546, 12528, 12528, 12528, 12564, 12553, 12528, 12546, 12528, 12528, 12528, 12510, 12564, 12546, 12564, 12564, 12582, 12528, 12546, 12564, 12546, 12564, 12546, 12546
32, 83.12229681015015, 83.20993304252625, 19 , 44.80892810188109, 0.038668264912449714, 0.02470303657557137, 0.47836966974436773, 5.561263810898983, 0.29675131247831876, -3.1514787811426406e-06, 0.012539188911182036, 13300, 13262, 13224, 12445, 12445, 12445, 12426, 12521, 12521, 12540, 12521, 12544, 12559, 12540, 12540, 12559, 12559, 12559, 12540, 12540, 12540, 12540, 12540, 12540, 12540, 12559, 12540, 12559, 12559, 12559, 12559
32, 80.49436831474304, 80.58207511901855, 20 , 44.80892810188109, 0.038668264912449714, 0.02470303657557137, 0.47836966974436773, 5.561263810898983, 0.29675131247831876, -3.1514787811426406e-06, 0.012539188911182036, 13280, 13280, 13240, 12500, 12500, 12445, 12460, 12560, 12540, 12560, 12540, 12520, 12520, 12520, 12520, 12580, 12520, 12520, 12520, 12520, 12520, 12540, 12540, 12600, 12540, 12540, 12540, 12540, 12540, 12560, 12520
32, 80.2770881652832, 80.36323094367981, 21 , 44.80892810188109, 0.038668264912449714, 0.02470303657557137, 0.47836966974436773, 5.561263810898983, 0.29675131247831876, -3.1514787811426406e-06, 0.012539188911182036, 13335, 13293, 13272, 12432, 12432, 12432, 12390, 12516, 12516, 12516, 12516, 12537, 12537, 12537, 12579, 12579, 12537, 12558, 12537, 12558, 12558, 12558, 12541, 12558, 12537, 12537, 12537, 12558, 12558, 12537, 12537
32, 78.67038416862488, 78.75989985466003, 22 , 44.80892810188109, 0.038668264912449714, 0.02470303657557137, 0.47836966974436773, 5.561263810898983, 0.29675131247831876, -3.1514787811426406e-06, 0.012539188911182036, 13288, 13266, 13266, 12467, 12430, 12430, 12386, 12540, 12540, 12540, 12518, 12540, 12562, 12540, 12562, 12540, 12540, 12540, 12518, 12540, 12540, 12540, 12562, 12540, 12540, 12540, 12540, 12562, 12584, 12584, 12540
32, 78.74201130867004, 78.83066701889038, 23 , 44.80892810188109, 0.038668264912449714, 0.02470303657557137, 0.47836966974436773, 5.561263810898983, 0.29675131247831876, -3.1514787811426406e-06, 0.012539188911182036, 13363, 13294, 13225, 12443, 12443, 12397, 12351, 12512, 12512, 12535, 12535, 12558, 12558, 12558, 12581, 12535, 12512, 12535, 12489, 12558, 12558, 12535, 12558, 12535, 12558, 12558, 12558, 12558, 12558, 12574, 12581
32, 77.57060313224792, 77.65928506851196, 24 , 44.80892810188109, 0.038668264912449714, 0.02470303657557137, 0.47836966974436773, 5.561263810898983, 0.29675131247831876, -3.1514787811426406e-06, 0.012539188911182036, 13368, 13392, 13272, 12432, 12432, 12408, 12360, 12528, 12528, 12552, 12528, 12552, 12528, 12552, 12529, 12528, 12504, 12528, 12504, 12528, 12504, 12552, 12528, 12552, 12528, 12552, 12552, 12552, 12576, 12600, 12576
32, 76.684401512146, 76.77241325378418, 25 , 44.80892810188109, 0.038668264912449714, 0.02470303657557137, 0.47836966974436773, 5.561263810898983, 0.29675131247831876, -3.1514787811426406e-06, 0.012539188911182036, 13425, 13375, 13275, 12400, 12400, 12375, 12350, 12525, 12550, 12550, 12550, 12525, 12525, 12525, 12525, 12550, 12525, 12525, 12500, 12550, 12525, 12550, 12550, 12550, 12525, 12550, 12550, 12550, 12575, 12600, 12575
32, 76.89670014381409, 76.98488116264343, 26 , 44.80892810188109, 0.038668264912449714, 0.02470303657557137, 0.47836966974436773, 5.561263810898983, 0.29675131247831876, -3.1514787811426406e-06, 0.012539188911182036, 13364, 13390, 13338, 12402, 12402, 12376, 12351, 12506, 12558, 12558, 12558, 12532, 12532, 12532, 12532, 12532, 12506, 12532, 12506, 12532, 12506, 12532, 12532, 12532, 12532, 12532, 12532, 12584, 12584, 12610, 12610
32, 75.04268717765808, 75.13075876235962, 27 , 44.80892810188109, 0.038668264912449714, 0.02470303657557137, 0.47836966974436773, 5.561263810898983, 0.29675131247831876, -3.1514787811426406e-06, 0.012539188911182036, 13500, 13392, 13284, 12420, 12420, 12366, 12339, 12501, 12501, 12528, 12501, 12555, 12528, 12528, 12582, 12528, 12528, 12528, 12501, 12528, 12528, 12555, 12528, 12528, 12528, 12555, 12555, 12555, 12544, 12609, 12582
32, 75.2094304561615, 75.2981767654419, 28 , 44.80892810188109, 0.038668264912449714, 0.02470303657557137, 0.47836966974436773, 5.561263810898983, 0.29675131247831876, -3.1514787811426406e-06, 0.012539188911182036, 13412, 13440, 13356, 12376, 12376, 12320, 12320, 12516, 12544, 12544, 12544, 12544, 12544, 12544, 12572, 12516, 12516, 12516, 12516, 12541, 12516, 12544, 12516, 12544, 12544, 12544, 12544, 12572, 12544, 12600, 12600
32, 74.74423503875732, 74.83215093612671, 29 , 44.80892810188109, 0.038668264912449714, 0.02470303657557137, 0.47836966974436773, 5.561263810898983, 0.29675131247831876, -3.1514787811426406e-06, 0.012539188911182036, 13543, 13427, 13369, 12383, 12383, 12354, 12325, 12499, 12528, 12528, 12499, 12528, 12528, 12528, 12557, 12528, 12528, 12499, 12499, 12552, 12528, 12528, 12499, 12528, 12557, 12528, 12528, 12557, 12557, 12615, 12615
32, 74.02021765708923, 74.10983657836914, 30 , 44.80892810188109, 0.038668264912449714, 0.02470303657557137, 0.47836966974436773, 5.561263810898983, 0.29675131247831876, -3.1514787811426406e-06, 0.012539188911182036, 13440, 13440, 13380, 12360, 12360, 12330, 12330, 12480, 12510, 12540, 12510, 12510, 12510, 12570, 12600, 12540, 12510, 12540, 12510, 12540, 12540, 12540, 12570, 12510, 12510, 12510, 12540, 12570, 12565, 12630, 12630
32, 73.77090978622437, 73.85908532142639, 31 , 44.80892810188109, 0.038668264912449714, 0.02470303657557137, 0.47836966974436773, 5.561263810898983, 0.29675131247831876, -3.1514787811426406e-06, 0.012539188911182036, 13454, 13485, 13454, 12369, 12369, 12369, 12338, 12493, 12493, 12524, 12524, 12555, 12524, 12524, 12586, 12524, 12493, 12493, 12493, 12555, 12524, 12549, 12524, 12524, 12555, 12555, 12555, 12586, 12555, 12555, 12524
32, 73.42074775695801, 73.51021409034729, 32 , 44.80892810188109, 0.038668264912449714, 0.02470303657557137, 0.47836966974436773, 5.561263810898983, 0.29675131247831876, -3.1514787811426406e-06, 0.012539188911182036, 13504, 13504, 13472, 12352, 12352, 12288, 12288, 12512, 12544, 12544, 12544, 12544, 12512, 12544, 12512, 12544, 12512, 12512, 12480, 12544, 12512, 12512, 12544, 12512, 12576, 12544, 12576, 12576, 12544, 12576, 12545
32, 72.74458312988281, 72.83286118507385, 33 , 44.80892810188109, 0.038668264912449714, 0.02470303657557137, 0.47836966974436773, 5.561263810898983, 0.29675131247831876, -3.1514787811426406e-06, 0.012539188911182036, 13629, 13497, 13464, 12375, 12342, 12342, 12309, 12474, 12507, 12507, 12474, 12540, 12540, 12540, 12573, 12507, 12507, 12507, 12478, 12540, 12540, 12540, 12507, 12540, 12540, 12540, 12540, 12540, 12540, 12573, 12573
32, 71.65599060058594, 71.74434781074524, 34 , 44.80892810188109, 0.038668264912449714, 0.02470303657557137, 0.47836966974436773, 5.561263810898983, 0.29675131247831876, -3.1514787811426406e-06, 0.012539188911182036, 13464, 13464, 13430, 12206, 12206, 12206, 12206, 12478, 12546, 12546, 12545, 12580, 12546, 12580, 12648, 12512, 12546, 12580, 12546, 12580, 12580, 12546, 12546, 12546, 12546, 12546, 12546, 12614, 12580, 12614, 12546
32, 71.00353455543518, 71.09290337562561, 35 , 44.80892810188109, 0.038668264912449714, 0.02470303657557137, 0.47836966974436773, 5.561263810898983, 0.29675131247831876, -3.1514787811426406e-06, 0.012539188911182036, 13580, 13510, 13440, 12180, 12180, 12180, 12075, 12530, 12565, 12530, 12530, 12600, 12565, 12600, 12635, 12530, 12495, 12495, 12495, 12565, 12565, 12530, 12565, 12565, 12600, 12565, 12600, 12600, 12565, 12600, 12590
32, 71.22695183753967, 71.315016746521, 36 , 44.80892810188109, 0.038668264912449714, 0.02470303657557137, 0.47836966974436773, 5.561263810898983, 0.29675131247831876, -3.1514787811426406e-06, 0.012539188911182036, 13608, 13572, 13500, 12229, 12240, 12204, 12168, 12564, 12564, 12564, 12564, 12600, 12564, 12600, 12600, 12492, 12492, 12492, 12456, 12528, 12528, 12528, 12456, 12492, 12600, 12564, 12600, 12564, 12564, 12564, 12564
32, 71.13783693313599, 71.2249448299408, 37 , 44.80892810188109, 0.038668264912449714, 0.02470303657557137, 0.47836966974436773, 5.561263810898983, 0.29675131247831876, -3.1514787811426406e-06, 0.012539188911182036, 13579, 13616, 13616, 12321, 12321, 12284, 12247, 12469, 12469, 12469, 12469, 12580, 12543, 12559, 12617, 12506, 12506, 12506, 12432, 12543, 12506, 12543, 12543, 12543, 12543, 12580, 12543, 12543, 12543, 12543, 12543
32, 70.96287536621094, 71.0509819984436, 38 , 44.80892810188109, 0.038668264912449714, 0.02470303657557137, 0.47836966974436773, 5.561263810898983, 0.29675131247831876, -3.1514787811426406e-06, 0.012539188911182036, 13680, 13680, 13680, 12236, 12236, 12198, 12160, 12464, 12578, 12578, 12540, 12578, 12578, 12578, 12578, 12502, 12502, 12502, 12464, 12502, 12502, 12487, 12502, 12502, 12578, 12540, 12578, 12540, 12540, 12540, 12502
32, 70.76148128509521, 70.84954380989075, 39 , 44.80892810188109, 0.038668264912449714, 0.02470303657557137, 0.47836966974436773, 5.561263810898983, 0.29675131247831876, -3.1514787811426406e-06, 0.012539188911182036, 13728, 13689, 13689, 12324, 12285, 12246, 12129, 12441, 12480, 12480, 12480, 12558, 12519, 12597, 12714, 12480, 12480, 12480, 12480, 12519, 12519, 12480, 12558, 12558, 12558, 12558, 12520, 12519, 12519, 12519, 12519
32, 70.60910177230835, 70.69729614257812, 40 , 44.80892810188109, 0.038668264912449714, 0.02470303657557137, 0.47836966974436773, 5.561263810898983, 0.29675131247831876, -3.1514787811426406e-06, 0.012539188911182036, 13680, 13800, 13800, 12200, 12200, 12200, 12160, 12520, 12560, 12560, 12560, 12560, 12520, 12520, 12560, 12480, 12480, 12480, 12440, 12520, 12505, 12520, 12520, 12520, 12560, 12560, 12520, 12560, 12520, 12520, 12520
32, 70.41290712356567, 70.50130248069763, 41 , 44.80892810188109, 0.038668264912449714, 0.02470303657557137, 0.47836966974436773, 5.561263810898983, 0.29675131247831876, -3.1514787811426406e-06, 0.012539188911182036, 13817, 13776, 13776, 12259, 12259, 12218, 12136, 12464, 12464, 12464, 12464, 12587, 12505, 12546, 12587, 12441, 12423, 12423, 12423, 12546, 12546, 12587, 12587, 12546, 12546, 12546, 12546, 12546, 12505, 12546, 12546
32, 70.27084994316101, 70.35944747924805, 42 , 44.80892810188109, 0.038668264912449714, 0.02470303657557137, 0.47836966974436773, 5.561263810898983, 0.29675131247831876, -3.1514787811426406e-06, 0.012539188911182036, 13776, 13776, 13776, 12205, 12222, 12180, 12180, 12474, 12558, 12558, 12558, 12558, 12516, 12558, 12558, 12474, 12474, 12474, 12432, 12516, 12516, 12516, 12516, 12516, 12558, 12516, 12558, 12558, 12516, 12516, 12516
32, 70.01005434989929, 70.09849858283997, 43 , 44.80892810188109, 0.038668264912449714, 0.02470303657557137, 0.47836966974436773, 5.561263810898983, 0.29675131247831876, -3.1514787811426406e-06, 0.012539188911182036, 13760, 13760, 13760, 12298, 12298, 12212, 12212, 12470, 12513, 12513, 12470, 12513, 12513, 12470, 12513, 12470, 12427, 12427, 12427, 12556, 12556, 12599, 12599, 12513, 12556, 12513, 12526, 12556, 12513, 12556, 12556
32, 69.87711071968079, 69.96520376205444, 44 , 44.80892810188109, 0.038668264912449714, 0.02470303657557137, 0.47836966974436773, 5.561263810898983, 0.29675131247831876, -3.1514787811426406e-06, 0.012539188911182036, 13860, 13860, 13860, 12144, 12144, 12144, 12144, 12496, 12540, 12540, 12540, 12540, 12540, 12540, 12540, 12496, 12496, 12496, 12452, 12496, 12496, 12496, 12533, 12496, 12540, 12584, 12584, 12540, 12496, 12496, 12496
32, 69.62455725669861, 69.71157574653625, 45 , 44.80892810188109, 0.038668264912449714, 0.02470303657557137, 0.47836966974436773, 5.561263810898983, 0.29675131247831876, -3.1514787811426406e-06, 0.012539188911182036, 13905, 13860, 13815, 12195, 12240, 12150, 12060, 12465, 12510, 12465, 12465, 12510, 12510, 12510, 12555, 12465, 12420, 12420, 12420, 12555, 12535, 12600, 12600, 12510, 12555, 12555, 12555, 12600, 12510, 12555, 12555
32, 69.6264808177948, 69.71435475349426, 46 , 44.80892810188109, 0.038668264912449714, 0.02470303657557137, 0.47836966974436773, 5.561263810898983, 0.29675131247831876, -3.1514787811426406e-06, 0.012539188911182036, 13846, 13938, 13938, 12098, 12098, 12144, 12098, 12512, 12604, 12558, 12558, 12466, 12466, 12466, 12512, 12512, 12512, 12512, 12466, 12512, 12512, 12512, 12512, 12512, 12604, 12604, 12696, 12505, 12466, 12420, 12466
32, 69.49468803405762, 69.58294892311096, 47 , 44.80892810188109, 0.038668264912449714, 0.02470303657557137, 0.47836966974436773, 5.561263810898983, 0.29675131247831876, -3.1514787811426406e-06, 0.012539188911182036, 13959, 13912, 13865, 12220, 12220, 12126, 12126, 12455, 12502, 12455, 12455, 12502, 12502, 12502, 12549, 12455, 12408, 12408, 12408, 12549, 12549, 12596, 12596, 12549, 12549, 12549, 12549, 12549, 12502, 12510, 12549
32, 69.4603841304779, 69.54807925224304, 48 , 44.80892810188109, 0.038668264912449714, 0.02470303657557137, 0.47836966974436773, 5.561263810898983, 0.29675131247831876, -3.1514787811426406e-06, 0.012539188911182036, 13968, 13968, 13968, 12192, 12097, 12144, 12096, 12528, 12528, 12528, 12528, 12528, 12528, 12528, 12528, 12480, 12432, 12432, 12432, 12480, 12480, 12528, 12480, 12480, 12576, 12576, 12624, 12528, 12480, 12480, 12480
32, 69.16809821128845, 69.25762128829956, 49 , 44.80892810188109, 0.038668264912449714, 0.02470303657557137, 0.47836966974436773, 5.561263810898983, 0.29675131247831876, -3.1514787811426406e-06, 0.012539188911182036, 13965, 13916, 13965, 12152, 12152, 12152, 12103, 12397, 12446, 12446, 12397, 12593, 12544, 12544, 12593, 12446, 12397, 12397, 12397, 12544, 12544, 12544, 12593, 12544, 12495, 12544, 12544, 12593, 12590, 12544, 12544
32, 69.06624937057495, 69.15403747558594, 50 , 44.80892810188109, 0.038668264912449714, 0.02470303657557137, 0.47836966974436773, 5.561263810898983, 0.29675131247831876, -3.1514787811426406e-06, 0.012539188911182036, 14000, 14000, 14000, 12050, 12075, 12100, 12050, 12550, 12500, 12500, 12500, 12500, 12550, 12550, 12550, 12500, 12500, 12500, 12450, 12500, 12500, 12500, 12450, 12550, 12550, 12550, 12600, 12550, 12500, 12500, 12450
32, 69.03218126296997, 69.12026500701904, 51 , 44.80892810188109, 0.038668264912449714, 0.02470303657557137, 0.47836966974436773, 5.561263810898983, 0.29675131247831876, -3.1514787811426406e-06, 0.012539188911182036, 14025, 14025, 13974, 12189, 12138, 12087, 12087, 12444, 12444, 12444, 12393, 12546, 12546, 12546, 12597, 12444, 12444, 12393, 12393, 12546, 12546, 12597, 12546, 12495, 12546, 12495, 12511, 12546, 12546, 12546, 12546
32, 68.79396891593933, 68.88255667686462, 52 , 44.80892810188109, 0.038668264912449714, 0.02470303657557137, 0.47836966974436773, 5.561263810898983, 0.29675131247831876, -3.1514787811426406e-06, 0.012539188911182036, 13936, 14040, 14040, 12064, 12064, 12116, 11960, 12584, 12584, 12584, 12533, 12532, 12584, 12532, 12532, 12480, 12480, 12480, 12428, 12428, 12428, 12480, 12480, 12532, 12480, 12480, 12480, 12584, 12584, 12532, 12584
32, 68.85447001457214, 68.94266986846924, 53 , 44.80892810188109, 0.038668264912449714, 0.02470303657557137, 0.47836966974436773, 5.561263810898983, 0.29675131247831876, -3.1514787811426406e-06, 0.012539188911182036, 14045, 14045, 14045, 12137, 12137, 12137, 12084, 12402, 12417, 12402, 12402, 12561, 12561, 12561, 12561, 12402, 12402, 12402, 12402, 12561, 12561, 12561, 12561, 12508, 12508, 12455, 12508, 12561, 12561, 12561, 12614
32, 68.73176884651184, 68.82105922698975, 54 , 44.80892810188109, 0.038668264912449714, 0.02470303657557137, 0.47836966974436773, 5.561263810898983, 0.29675131247831876, -3.1514787811426406e-06, 0.012539188911182036, 13986, 14148, 14094, 12042, 12042, 12042, 12042, 12528, 12528, 12528, 12517, 12528, 12528, 12528, 12528, 12474, 12474, 12474, 12420, 12474, 12474, 12528, 12474, 12528, 12528, 12528, 12528, 12528, 12528, 12528, 12528
32, 68.63865447044373, 68.72693848609924, 55 , 44.80892810188109, 0.038668264912449714, 0.02470303657557137, 0.47836966974436773, 5.561263810898983, 0.29675131247831876, -3.1514787811426406e-06, 0.012539188911182036, 14080, 14025, 14025, 12100, 12155, 12155, 12100, 12430, 12430, 12430, 12375, 12595, 12540, 12540, 12595, 12445, 12430, 12430, 12375, 12540, 12485, 12540, 12540, 12540, 12430, 12430, 12430, 12650, 12595, 12595, 12595
32, 68.66268157958984, 68.75085783004761, 56 , 44.80892810188109, 0.038668264912449714, 0.02470303657557137, 0.47836966974436773, 5.561263810898983, 0.29675131247831876, -3.1514787811426406e-06, 0.012539188911182036, 14112, 14168, 14168, 11984, 12040, 12040, 12040, 12488, 12488, 12488, 12488, 12544, 12544, 12544, 12544, 12488, 12432, 12432, 12376, 12488, 12488, 12544, 12488, 12488, 12544, 12488, 12513, 12544, 12544, 12544, 12544
32, 68.539137840271, 68.62714838981628, 57 , 44.80892810188109, 0.038668264912449714, 0.02470303657557137, 0.47836966974436773, 5.561263810898983, 0.29675131247831876, -3.1514787811426406e-06, 0.012539188911182036, 14193, 14136, 14136, 12084, 12141, 12141, 12084, 12369, 12369, 12369, 12369, 12544, 12597, 12597, 12597, 12369, 12369, 12369, 12312, 12540, 12540, 12597, 12597, 12540, 12483, 12483, 12540, 12540, 12540, 12540, 12540
32, 68.52469992637634, 68.61261558532715, 58 , 44.80892810188109, 0.038668264912449714, 0.02470303657557137, 0.47836966974436773, 5.561263810898983, 0.29675131247831876, -3.1514787811426406e-06, 0.012539188911182036, 14210, 14210, 14210, 12064, 12064, 12006, 11948, 12470, 12528, 12528, 12470, 12528, 12528, 12528, 12528, 12470, 12412, 12412, 12412, 12470, 12470, 12412, 12470, 12528, 12586, 12586, 12644, 12470, 12523, 12470, 12470
32, 68.58260798454285, 68.66663670539856, 59 , 44.80892810188109, 0.038668264912449714, 0.02470303657557137, 0.47836966974436773, 5.561263810898983, 0.29675131247831876, -3.1514787811426406e-06, 0.012539188911182036, 14278, 14219, 14160, 12095, 12154, 12095, 12095, 12390, 12390, 12390, 12390, 12508, 12508, 12508, 12567, 12376, 12331, 12331, 12331, 12567, 12508, 12567, 12567, 12508, 12508, 12508, 12508, 12567, 12567, 12567, 12567
32, 68.50018191337585, 68.58898997306824, 60 , 44.80892810188109, 0.038668264912449714, 0.02470303657557137, 0.47836966974436773, 5.561263810898983, 0.29675131247831876, -3.1514787811426406e-06, 0.012539188911182036, 14160, 14340, 14340, 12000, 12000, 12000, 12000, 12540, 12480, 12480, 12480, 12540, 12540, 12540, 12600, 12420, 12420, 12420, 12385, 12420, 12420, 12420, 12480, 12540, 12540, 12540, 12600, 12540, 12480, 12480, 12480
32, 68.43767070770264, 68.52129864692688, 61 , 44.80892810188109, 0.038668264912449714, 0.02470303657557137, 0.47836966974436773, 5.561263810898983, 0.29675131247831876, -3.1514787811426406e-06, 0.012539188911182036, 14335, 14335, 14213, 12078, 12078, 12078, 12078, 12322, 12322, 12383, 12383, 12566, 12566, 12566, 12566, 12322, 12322, 12322, 12322, 12566, 12566, 12566, 12627, 12444, 12444, 12486, 12505, 12566, 12566, 12566, 12566
32, 68.47234678268433, 68.56118321418762, 62 , 44.80892810188109, 0.038668264912449714, 0.02470303657557137, 0.47836966974436773, 5.561263810898983, 0.29675131247831876, -3.1514787811426406e-06, 0.012539188911182036, 14285, 14322, 14322, 12028, 12028, 12090, 12090, 12524, 12462, 12462, 12462, 12524, 12524, 12462, 12524, 12400, 12400, 12400, 12400, 12400, 12462, 12462, 12462, 12524, 12524, 12524, 12524, 12462, 12524, 12524, 12524
32, 68.39120888710022, 68.47418022155762, 63 , 44.80892810188109, 0.038668264912449714, 0.02470303657557137, 0.47836966974436773, 5.561263810898983, 0.29675131247831876, -3.1514787811426406e-06, 0.012539188911182036, 14427, 14364, 14238, 12096, 12096, 12096, 12096, 12348, 12348, 12348, 12285, 12537, 12537, 12562, 12600, 12411, 12411, 12411, 12411, 12474, 12474, 12537, 12537, 12474, 12474, 12474, 12411, 12537, 12537, 12537, 12537
32, 68.4000301361084, 68.48765206336975, 64 , 44.80892810188109, 0.038668264912449714, 0.02470303657557137, 0.47836966974436773, 5.561263810898983, 0.29675131247831876, -3.1514787811426406e-06, 0.012539188911182036, 14208, 14400, 14400, 12032, 12096, 12096, 12096, 12480, 12480, 12480, 12480, 12480, 12480, 12480, 12480, 12480, 12480, 12480, 12416, 12416, 12416, 12352, 12352, 12480, 12577, 12544, 12608, 12480, 12416, 12480, 12480
32, 68.42808246612549, 68.51201176643372, 65 , 44.80892810188109, 0.038668264912449714, 0.02470303657557137, 0.47836966974436773, 5.561263810898983, 0.29675131247831876, -3.1514787811426406e-06, 0.012539188911182036, 14365, 14365, 14365, 12155, 12155, 12155, 12155, 12350, 12350, 12325, 12285, 12545, 12545, 12545, 12545, 12415, 12415, 12415, 12350, 12480, 12480, 12545, 12480, 12415, 12415, 12415, 12415, 12545, 12545, 12545, 12545
32, 68.35685634613037, 68.44536137580872, 66 , 44.80892810188109, 0.038668264912449714, 0.02470303657557137, 0.47836966974436773, 5.561263810898983, 0.29675131247831876, -3.1514787811426406e-06, 0.012539188911182036, 14322, 14586, 14454, 12078, 12078, 12012, 12012, 12474, 12408, 12408, 12408, 12511, 12474, 12474, 12474, 12474, 12408, 12474, 12408, 12408, 12408, 12408, 12408, 12540, 12540, 12474, 12606, 12474, 12474, 12474, 12474
32, 68.38449478149414, 68.46827340126038, 67 , 44.80892810188109, 0.038668264912449714, 0.02470303657557137, 0.47836966974436773, 5.561263810898983, 0.29675131247831876, -3.1514787811426406e-06, 0.012539188911182036, 14539, 14472, 14405, 12127, 12127, 12127, 12127, 12328, 12328, 12328, 12276, 12462, 12462, 12529, 12596, 12328, 12395, 12328, 12328, 12529, 12529, 12529, 12596, 12462, 12395, 12395, 12395, 12596, 12529, 12529, 12529
32, 68.41889524459839, 68.50670123100281, 68 , 44.80892810188109, 0.038668264912449714, 0.02470303657557137, 0.47836966974436773, 5.561263810898983, 0.29675131247831876, -3.1514787811426406e-06, 0.012539188911182036, 14416, 14620, 14552, 12036, 12036, 12069, 12036, 12444, 12444, 12444, 12444, 12444, 12444, 12444, 12444, 12376, 12376, 12376, 12376, 12512, 12444, 12444, 12444, 12512, 12512, 12444, 12444, 12512, 12512, 12512, 12512
32, 68.35280418395996, 68.4407594203949, 69 , 44.80892810188109, 0.038668264912449714, 0.02470303657557137, 0.47836966974436773, 5.561263810898983, 0.29675131247831876, -3.1514787811426406e-06, 0.012539188911182036, 14490, 14490, 14421, 12144, 12144, 12144, 12144, 12351, 12351, 12351, 12298, 12489, 12489, 12489, 12558, 12351, 12351, 12282, 12282, 12558, 12558, 12627, 12489, 12420, 12420, 12420, 12420, 12558, 12489, 12489, 12558
32, 68.28411149978638, 68.37308764457703, 70 , 44.80892810188109, 0.038668264912449714, 0.02470303657557137, 0.47836966974436773, 5.561263810898983, 0.29675131247831876, -3.1514787811426406e-06, 0.012539188911182036, 14490, 14630, 14630, 12040, 12040, 12040, 12040, 12460, 12460, 12460, 12390, 12460, 12460, 12460, 12460, 12460, 12460, 12460, 12390, 12390, 12390, 12320, 12390, 12485, 12530, 12600, 12600, 12390, 12390, 12390, 12460
32, 68.29781794548035, 68.38338470458984, 71 , 44.80892810188109, 0.038668264912449714, 0.02470303657557137, 0.47836966974436773, 5.561263810898983, 0.29675131247831876, -3.1514787811426406e-06, 0.012539188911182036, 14555, 14555, 14484, 12070, 12141, 12141, 12070, 12283, 12283, 12283, 12283, 12567, 12567, 12567, 12567, 12354, 12283, 12283, 12283, 12496, 12496, 12567, 12567, 12496, 12496, 12496, 12479, 12425, 12425, 12496, 12567
32, 68.28158926963806, 68.3701753616333, 72 , 44.80892810188109, 0.038668264912449714, 0.02470303657557137, 0.47836966974436773, 5.561263810898983, 0.29675131247831876, -3.1514787811426406e-06, 0.012539188911182036, 14616, 14616, 14688, 12024, 12024, 12024, 12024, 12384, 12384, 12456, 12456, 12456, 12456, 12456, 12456, 12528, 12456, 12528, 12456, 12312, 12312, 12312, 12384, 12528, 12456, 12600, 12600, 12384, 12384, 12456, 12409
32, 68.24648571014404, 68.33264303207397, 73 , 44.80892810188109, 0.038668264912449714, 0.02470303657557137, 0.47836966974436773, 5.561263810898983, 0.29675131247831876, -3.1514787811426406e-06, 0.012539188911182036, 14675, 14673, 14673, 12045, 12045, 12045, 12045, 12337, 12337, 12337, 12337, 12483, 12483, 12483, 12556, 12337, 12337, 12337, 12264, 12483, 12483, 12483, 12556, 12410, 12410, 12483, 12483, 12483, 12483, 12483, 12556
32, 68.27763223648071, 68.36708641052246, 74 , 44.80892810188109, 0.038668264912449714, 0.02470303657557137, 0.47836966974436773, 5.561263810898983, 0.29675131247831876, -3.1514787811426406e-06, 0.012539188911182036, 14652, 14726, 14652, 12062, 12062, 12041, 11988, 12432, 12432, 12432, 12432, 12432, 12432, 12432, 12432, 12432, 12358, 12358, 12358, 12432, 12432, 12432, 12432, 12506, 12506, 12506, 12506, 12432, 12432, 12432, 12432
32, 68.27649474143982, 68.35937261581421, 75 , 44.80892810188109, 0.038668264912449714, 0.02470303657557137, 0.47836966974436773, 5.561263810898983, 0.29675131247831876, -3.1514787811426406e-06, 0.012539188911182036, 14625, 14625, 14625, 12150, 12150, 12150, 12150, 12375, 12300, 12300, 12300, 12450, 12450, 12450, 12525, 12300, 12300, 12300, 12300, 12525, 12525, 12525, 12600, 12450, 12450, 12450, 12375, 12525, 12475, 12450, 12450
32, 68.25103974342346, 68.33885908126831, 76 , 44.80892810188109, 0.038668264912449714, 0.02470303657557137, 0.47836966974436773, 5.561263810898983, 0.29675131247831876, -3.1514787811426406e-06, 0.012539188911182036, 14592, 14744, 14744, 12084, 12084, 12084, 12084, 12464, 12464, 12464, 12388, 12449, 12388, 12388, 12388, 12464, 12388, 12388, 12388, 12312, 12312, 12388, 12388, 12540, 12464, 12540, 12616, 12388, 12388, 12388, 12464
32, 68.23121738433838, 68.32146215438843, 77 , 44.80892810188109, 0.038668264912449714, 0.02470303657557137, 0.47836966974436773, 5.561263810898983, 0.29675131247831876, -3.1514787811426406e-06, 0.012539188911182036, 14707, 14630, 14630, 12166, 12243, 12243, 12166, 12320, 12320, 12320, 12320, 12474, 12474, 12397, 12401, 12320, 12243, 12243, 12243, 12474, 12551, 12551, 12551, 12474, 12474, 12397, 12397, 12474, 12474, 12474, 12474
32, 68.19652986526489, 68.28565764427185, 78 , 44.80892810188109, 0.038668264912449714, 0.02470303657557137, 0.47836966974436773, 5.561263810898983, 0.29675131247831876, -3.1514787811426406e-06, 0.012539188911182036, 14664, 14820, 14820, 12012, 12012, 12090, 12090, 12480, 12480, 12403, 12402, 12402, 12402, 12402, 12402, 12402, 12402, 12402, 12402, 12402, 12324, 12324, 12402, 12558, 12480, 12558, 12636, 12324, 12324, 12402, 12402
32, 68.14711689949036, 68.22937560081482, 79 , 44.80892810188109, 0.038668264912449714, 0.02470303657557137, 0.47836966974436773, 5.561263810898983, 0.29675131247831876, -3.1514787811426406e-06, 0.012539188911182036, 14694, 14694, 14694, 12136, 12166, 12166, 12166, 12324, 12324, 12245, 12245, 12482, 12482, 12482, 12482, 12324, 12324, 12245, 12245, 12482, 12482, 12482, 12561, 12482, 12403, 12482, 12482, 12482, 12403, 12482, 12482
32, 68.11983275413513, 68.20765161514282, 80 , 44.80892810188109, 0.038668264912449714, 0.02470303657557137, 0.47836966974436773, 5.561263810898983, 0.29675131247831876, -3.1514787811426406e-06, 0.012539188911182036, 14720, 14800, 14800, 12000, 12000, 12080, 12080, 12400, 12400, 12400, 12320, 12480, 12480, 12480, 12480, 12465, 12400, 12480, 12400, 12320, 12320, 12320, 12400, 12480, 12480, 12560, 12640, 12320, 12320, 12400, 12400
32, 68.23054361343384, 68.3162009716034, 81 , 44.80892810188109, 0.038668264912449714, 0.02470303657557137, 0.47836966974436773, 5.561263810898983, 0.29675131247831876, -3.1514787811426406e-06, 0.012539188911182036, 14661, 14661, 14661, 12231, 12231, 12231, 12231, 12312, 12312, 12312, 12312, 12474, 12474, 12474, 12474, 12231, 12231, 12231, 12231, 12474, 12474, 12555, 12555, 12474, 12393, 12436, 12393, 12474, 12474, 12474, 12474
32, 68.16515302658081, 68.25496315956116, 82 , 44.80892810188109, 0.038668264912449714, 0.02470303657557137, 0.47836966974436773, 5.561263810898983, 0.29675131247831876, -3.1514787811426406e-06, 0.012539188911182036, 14678, 14842, 14842, 12054, 12054, 12054, 12054, 12464, 12382, 12382, 12382, 12382, 12382, 12382, 12382, 12464, 12382, 12464, 12441, 12382, 12382, 12382, 12382, 12546, 12546, 12546, 12546, 12382, 12382, 12382, 12300
32, 68.15089249610901, 68.23628425598145, 83 , 44.80892810188109, 0.038668264912449714, 0.02470303657557137, 0.47836966974436773, 5.561263810898983, 0.29675131247831876, -3.1514787811426406e-06, 0.012539188911182036, 14691, 14691, 14774, 12201, 12201, 12201, 12118, 12284, 12284, 12284, 12284, 12450, 12450, 12450, 12533, 12284, 12284, 12284, 12284, 12533, 12533, 12533, 12477, 12450, 12450, 12450, 12367, 12450, 12450, 12450, 12450
32, 68.13193035125732, 68.22110676765442, 84 , 44.80892810188109, 0.038668264912449714, 0.02470303657557137, 0.47836966974436773, 5.561263810898983, 0.29675131247831876, -3.1514787811426406e-06, 0.012539188911182036, 14784, 14868, 14952, 12096, 12096, 12096, 12096, 12432, 12432, 12432, 12348, 12348, 12348, 12348, 12373, 12348, 12348, 12348, 12348, 12432, 12432, 12432, 12348, 12516, 12516, 12516, 12516, 12348, 12432, 12348, 12348
32, 68.20972514152527, 68.29958581924438, 85 , 44.80892810188109, 0.038668264912449714, 0.02470303657557137, 0.47836966974436773, 5.561263810898983, 0.29675131247831876, -3.1514787811426406e-06, 0.012539188911182036, 14790, 14790, 14790, 12155, 12155, 12155, 12155, 12325, 12325, 12325, 12325, 12410, 12410, 12410, 12410, 12325, 12240, 12240, 12240, 12495, 12495, 12545, 12495, 12410, 12410, 12410, 12410, 12495, 12495, 12495, 12495
32, 68.14958024024963, 68.23850679397583, 86 , 44.80892810188109, 0.038668264912449714, 0.02470303657557137, 0.47836966974436773, 5.561263810898983, 0.29675131247831876, -3.1514787811426406e-06, 0.012539188911182036, 14878, 14964, 14964, 12040, 12040, 12040, 12040, 12384, 12384, 12384, 12298, 12470, 12470, 12470, 12470, 12384, 12384, 12384, 12298, 12298, 12298, 12298, 12384, 12556, 12470, 12556, 12556, 12384, 12311, 12384, 12384
32, 68.12408328056335, 68.2081446647644, 87 , 44.80892810188109, 0.038668264912449714, 0.02470303657557137, 0.47836966974436773, 5.561263810898983, 0.29675131247831876, -3.1514787811426406e-06, 0.012539188911182036, 14877, 14790, 14877, 12180, 12180, 12180, 12180, 12354, 12267, 12267, 12267, 12441, 12441, 12441, 12441, 12267, 12267, 12267, 12267, 12441, 12441, 12441, 12528, 12441, 12441, 12441, 12441, 12441, 12436, 12441, 12441
32, 68.21314358711243, 68.30062508583069, 88 , 44.80892810188109, 0.038668264912449714, 0.02470303657557137, 0.47836966974436773, 5.561263810898983, 0.29675131247831876, -3.1514787811426406e-06, 0.012539188911182036, 14784, 14960, 14960, 12056, 12056, 12056, 12056, 12408, 12408, 12408, 12408, 12408, 12320, 12320, 12401, 12408, 12408, 12408, 12408, 12320, 12320, 12408, 12408, 12496, 12496, 12584, 12584, 12320, 12320, 12408, 12320
32, 68.16416192054749, 68.24878716468811, 89 , 44.80892810188109, 0.038668264912449714, 0.02470303657557137, 0.47836966974436773, 5.561263810898983, 0.29675131247831876, -3.1514787811426406e-06, 0.012539188911182036, 14952, 14863, 14952, 12104, 12104, 12104, 12193, 12282, 12282, 12282, 12282, 12460, 12460, 12460, 12460, 12282, 12282, 12282, 12193, 12460, 12460, 12460, 12549, 12371, 12460, 12460, 12375, 12460, 12371, 12460, 12460
32, 68.14979434013367, 68.23802709579468, 90 , 44.80892810188109, 0.038668264912449714, 0.02470303657557137, 0.47836966974436773, 5.561263810898983, 0.29675131247831876, -3.1514787811426406e-06, 0.012539188911182036, 14850, 14940, 14940, 12150, 12150, 12150, 12060, 12420, 12420, 12330, 12330, 12420, 12420, 12420, 12420, 12420, 12420, 12420, 12420, 12330, 12330, 12240, 12240, 12510, 12420, 12445, 12510, 12330, 12330, 12420, 12420
32, 68.15924263000488, 68.24703860282898, 91 , 44.80892810188109, 0.038668264912449714, 0.02470303657557137, 0.47836966974436773, 5.561263810898983, 0.29675131247831876, -3.1514787811426406e-06, 0.012539188911182036, 14924, 14886, 14833, 12285, 12194, 12194, 12194, 12285, 12285, 12285, 12285, 12467, 12467, 12467, 12467, 12376, 12285, 12285, 12285, 12376, 12376, 12376, 12467, 12467, 12376, 12376, 12376, 12376, 12376, 12467, 12467
32, 68.13737726211548, 68.22572016716003, 92 , 44.80892810188109, 0.038668264912449714, 0.02470303657557137, 0.47836966974436773, 5.561263810898983, 0.29675131247831876, -3.1514787811426406e-06, 0.012539188911182036, 14904, 14996, 14996, 12144, 12052, 12052, 12052, 12420, 12420, 12420, 12328, 12420, 12420, 12420, 12420, 12328, 12328, 12328, 12328, 12328, 12328, 12328, 12420, 12512, 12505, 12512, 12512, 12328, 12328, 12328, 12420
32, 68.08768486976624, 68.17150044441223, 93 , 44.80892810188109, 0.038668264912449714, 0.02470303657557137, 0.47836966974436773, 5.561263810898983, 0.29675131247831876, -3.1514787811426406e-06, 0.012539188911182036, 15066, 14973, 14973, 12183, 12183, 12183, 12183, 12276, 12276, 12208, 12183, 12462, 12462, 12462, 12462, 12276, 12183, 12183, 12183, 12462, 12462, 12462, 12555, 12462, 12462, 12369, 12369, 12369, 12369, 12462, 12462
32, 68.13449382781982, 68.2235655784607, 94 , 44.80892810188109, 0.038668264912449714, 0.02470303657557137, 0.47836966974436773, 5.561263810898983, 0.29675131247831876, -3.1514787811426406e-06, 0.012539188911182036, 14946, 15040, 15040, 12032, 12032, 12032, 12032, 12408, 12314, 12314, 12314, 12408, 12408, 12463, 12502, 12408, 12408, 12408, 12314, 12408, 12314, 12314, 12314, 12502, 12408, 12502, 12596, 12314, 12314, 12408, 12408
32, 68.06115412712097, 68.14433217048645, 95 , 44.80892810188109, 0.038668264912449714, 0.02470303657557137, 0.47836966974436773, 5.561263810898983, 0.29675131247831876, -3.1514787811426406e-06, 0.012539188911182036, 14915, 14915, 15010, 12160, 12160, 12160, 12255, 12255, 12255, 12255, 12255, 12445, 12445, 12445, 12445, 12255, 12255, 12240, 12160, 12540, 12445, 12445, 12540, 12445, 12350, 12445, 12445, 12445, 12350, 12445, 12445
32, 68.07570576667786, 68.16395926475525, 96 , 44.80892810188109, 0.038668264912449714, 0.02470303657557137, 0.47836966974436773, 5.561263810898983, 0.29675131247831876, -3.1514787811426406e-06, 0.012539188911182036, 14976, 15072, 15072, 12000, 12000, 12000, 12000, 12385, 12384, 12384, 12384, 12384, 12384, 12480, 12480, 12384, 12384, 12384, 12288, 12384, 12384, 12384, 12288, 12480, 12480, 12480, 12576, 12288, 12288, 12384, 12384
32, 68.14058375358582, 68.22573232650757, 97 , 44.80892810188109, 0.038668264912449714, 0.02470303657557137, 0.47836966974436773, 5.561263810898983, 0.29675131247831876, -3.1514787811426406e-06, 0.012539188911182036, 14938, 14938, 14938, 12222, 12222, 12222, 12222, 12319, 12319, 12222, 12222, 12513, 12416, 12416, 12416, 12222, 12222, 12222, 12222, 12422, 12416, 12416, 12513, 12416, 12319, 12416, 12416, 12416, 12416, 12513, 12513
32, 68.18876361846924, 68.27810406684875, 98 , 44.80892810188109, 0.038668264912449714, 0.02470303657557137, 0.47836966974436773, 5.561263810898983, 0.29675131247831876, -3.1514787811426406e-06, 0.012539188911182036, 14896, 15092, 15092, 12054, 12054, 12152, 12054, 12446, 12446, 12443, 12348, 12446, 12348, 12348, 12348, 12348, 12348, 12348, 12348, 12250, 12250, 12250, 12348, 12544, 12446, 12544, 12544, 12348, 12348, 12348, 12446
32, 68.18888020515442, 68.27290034294128, 99 , 44.80892810188109, 0.038668264912449714, 0.02470303657557137, 0.47836966974436773, 5.561263810898983, 0.29675131247831876, -3.1514787811426406e-06, 0.012539188911182036, 15048, 15048, 15048, 12177, 12177, 12177, 12177, 12276, 12276, 12177, 12177, 12474, 12474, 12445, 12573, 12177, 12177, 12177, 12276, 12474, 12474, 12474, 12573, 12375, 12375, 12375, 12375, 12375, 12375, 12375, 12474
32, 68.1311583518982, 68.21962451934814, 100 , 44.80892810188109, 0.038668264912449714, 0.02470303657557137, 0.47836966974436773, 5.561263810898983, 0.29675131247831876, -3.1514787811426406e-06, 0.012539188911182036, 14900, 15000, 15000, 12100, 12100, 12100, 12100, 12400, 12400, 12300, 12300, 12400, 12400, 12400, 12500, 12400, 12400, 12400, 12300, 12300, 12300, 12300, 12225, 12500, 12500, 12500, 12600, 12300, 12400, 12400, 12400
32, 68.1674132347107, 68.25058603286743, 101 , 44.80892810188109, 0.038668264912449714, 0.02470303657557137, 0.47836966974436773, 5.561263810898983, 0.29675131247831876, -3.1514787811426406e-06, 0.012539188911182036, 15049, 15049, 15049, 12221, 12221, 12221, 12221, 12322, 12322, 12322, 12322, 12423, 12423, 12322, 12322, 12221, 12221, 12221, 12221, 12423, 12423, 12423, 12524, 12423, 12322, 12322, 12423, 12423, 12380, 12423, 12423
32, 68.19545364379883, 68.28361463546753, 102 , 44.80892810188109, 0.038668264912449714, 0.02470303657557137, 0.47836966974436773, 5.561263810898983, 0.29675131247831876, -3.1514787811426406e-06, 0.012539188911182036, 14892, 15096, 15096, 12138, 12138, 12138, 12138, 12342, 12342, 12342, 12342, 12342, 12342, 12444, 12444, 12444, 12444, 12444, 12444, 12240, 12240, 12240, 12240, 12444, 12444, 12444, 12613, 12342, 12342, 12342, 12342
32, 68.16788148880005, 68.25467705726624, 103 , 44.80892810188109, 0.038668264912449714, 0.02470303657557137, 0.47836966974436773, 5.561263810898983, 0.29675131247831876, -3.1514787811426406e-06, 0.012539188911182036, 14935, 14935, 14935, 12257, 12257, 12360, 12360, 12360, 12360, 12306, 12257, 12360, 12360, 12360, 12360, 12257, 12257, 12257, 12257, 12360, 12360, 12463, 12463, 12360, 12360, 12360, 12360, 12463, 12360, 12463, 12463
32, 68.16474080085754, 68.25269532203674, 104 , 44.80892810188109, 0.038668264912449714, 0.02470303657557137, 0.47836966974436773, 5.561263810898983, 0.29675131247831876, -3.1514787811426406e-06, 0.012539188911182036, 14976, 15080, 15081, 12064, 12064, 12064, 12064, 12376, 12376, 12376, 12272, 12376, 12480, 12480, 12480, 12376, 12376, 12376, 12376, 12272, 12272, 12272, 12272, 12480, 12480, 12480, 12480, 12376, 12376, 12376, 12376
32, 68.21479964256287, 68.29977631568909, 105 , 44.80892810188109, 0.038668264912449714, 0.02470303657557137, 0.47836966974436773, 5.561263810898983, 0.29675131247831876, -3.1514787811426406e-06, 0.012539188911182036, 15120, 15120, 15120, 12180, 12205, 12180, 12180, 12390, 12390, 12390, 12285, 12390, 12285, 12285, 12285, 12285, 12285, 12285, 12285, 12390, 12390, 12390, 12390, 12390, 12390, 12285, 12285, 12390, 12390, 12495, 12495
32, 68.1862120628357, 68.27528595924377, 106 , 44.80892810188109, 0.038668264912449714, 0.02470303657557137, 0.47836966974436773, 5.561263810898983, 0.29675131247831876, -3.1514787811426406e-06, 0.012539188911182036, 15052, 15264, 15158, 12084, 12084, 12084, 12084, 12402, 12402, 12296, 12296, 12402, 12402, 12402, 12402, 12402, 12402, 12311, 12296, 12296, 12296, 12296, 12296, 12402, 12508, 12508, 12614, 12296, 12296, 12296, 12296
32, 68.24760699272156, 68.33697295188904, 107 , 44.80892810188109, 0.038668264912449714, 0.02470303657557137, 0.47836966974436773, 5.561263810898983, 0.29675131247831876, -3.1514787811426406e-06, 0.012539188911182036, 15087, 15087, 15087, 12198, 12198, 12198, 12198, 12412, 12305, 12305, 12305, 12305, 12305, 12305, 12412, 12380, 12305, 12305, 12305, 12412, 12412, 12305, 12412, 12412, 12305, 12305, 12305, 12412, 12412, 12519, 12412
32, 68.16466975212097, 68.2528030872345, 108 , 44.80892810188109, 0.038668264912449714, 0.02470303657557137, 0.47836966974436773, 5.561263810898983, 0.29675131247831876, -3.1514787811426406e-06, 0.012539188911182036, 15012, 15120, 15228, 12096, 12096, 12096, 12096, 12420, 12312, 12312, 12312, 12420, 12420, 12420, 12528, 12409, 12312, 12312, 12312, 12312, 12312, 12312, 12312, 12420, 12420, 12420, 12528, 12312, 12312, 12312, 12420
32, 68.10440254211426, 68.1872067451477, 109 , 44.80892810188109, 0.038668264912449714, 0.02470303657557137, 0.47836966974436773, 5.561263810898983, 0.29675131247831876, -3.1514787811426406e-06, 0.012539188911182036, 15042, 15042, 15042, 12317, 12317, 12317, 12317, 12317, 12317, 12317, 12208, 12317, 12426, 12395, 12317, 12208, 12208, 12208, 12208, 12426, 12426, 12426, 12535, 12317, 12317, 12317, 12426, 12426, 12317, 12426, 12426
32, 68.1693389415741, 68.25708651542664, 110 , 44.80892810188109, 0.038668264912449714, 0.02470303657557137, 0.47836966974436773, 5.561263810898983, 0.29675131247831876, -3.1514787811426406e-06, 0.012539188911182036, 15070, 15180, 15070, 12100, 12210, 12210, 12210, 12430, 12430, 12430, 12320, 12430, 12430, 12320, 12320, 12430, 12320, 12430, 12335, 12210, 12210, 12210, 12320, 12430, 12430, 12430, 12540, 12320, 12210, 12320, 12320
32, 68.18408560752869, 68.26722264289856, 111 , 44.80892810188109, 0.038668264912449714, 0.02470303657557137, 0.47836966974436773, 5.561263810898983, 0.29675131247831876, -3.1514787811426406e-06, 0.012539188911182036, 15096, 15096, 15096, 12210, 12321, 12321, 12321, 12321, 12321, 12321, 12321, 12321, 12321, 12321, 12321, 12321, 12321, 12226, 12210, 12432, 12321, 12432, 12432, 12321, 12321, 12321, 12321, 12321, 12432, 12432, 12432
32, 68.07818841934204, 68.16640830039978, 112 , 44.80892810188109, 0.038668264912449714, 0.02470303657557137, 0.47836966974436773, 5.561263810898983, 0.29675131247831876, -3.1514787811426406e-06, 0.012539188911182036, 15089, 15120, 15232, 12096, 12096, 12096, 12096, 12320, 12320, 12320, 12320, 12432, 12432, 12432, 12432, 12320, 12320, 12320, 12320, 12320, 12320, 12432, 12432, 12432, 12432, 12432, 12432, 12320, 12320, 12320, 12320
32, 68.13783621788025, 68.22081732749939, 113 , 44.80892810188109, 0.038668264912449714, 0.02470303657557137, 0.47836966974436773, 5.561263810898983, 0.29675131247831876, -3.1514787811426406e-06, 0.012539188911182036, 15368, 15255, 15255, 12091, 12091, 12188, 12091, 12317, 12317, 12317, 12317, 12317, 12317, 12317, 12430, 12317, 12317, 12317, 12204, 12317, 12317, 12430, 12430, 12317, 12317, 12317, 12317, 12430, 12430, 12430, 12430
32, 68.12304759025574, 68.21116662025452, 114 , 44.80892810188109, 0.038668264912449714, 0.02470303657557137, 0.47836966974436773, 5.561263810898983, 0.29675131247831876, -3.1514787811426406e-06, 0.012539188911182036, 15048, 15048, 15162, 12198, 12198, 12198, 12198, 12426, 12312, 12312, 12312, 12312, 12312, 12426, 12426, 12426, 12426, 12426, 12312, 12312, 12198, 12198, 12198, 12426, 12426, 12654, 12654, 12259, 12198, 12312, 12312
32, 68.11974430084229, 68.20949172973633, 115 , 44.80892810188109, 0.038668264912449714, 0.02470303657557137, 0.47836966974436773, 5.561263810898983, 0.29675131247831876, -3.1514787811426406e-06, 0.012539188911182036, 15180, 15180, 15180, 12190, 12190, 12190, 12190, 12305, 12305, 12305, 12305, 12420, 12305, 12305, 12305, 12305, 12305, 12305, 12305, 12420, 12305, 12305, 12420, 12305, 12305, 12420, 12390, 12420, 12420, 12420, 12420
32, 68.0123062133789, 68.10130476951599, 116 , 44.80892810188109, 0.038668264912449714, 0.02470303657557137, 0.47836966974436773, 5.561263810898983, 0.29675131247831876, -3.1514787811426406e-06, 0.012539188911182036, 15080, 15196, 15196, 12180, 12180, 12180, 12180, 12296, 12296, 12296, 12296, 12412, 12412, 12412, 12412, 12296, 12296, 12296, 12296, 12296, 12296, 12296, 12412, 12465, 12412, 12412, 12528, 12296, 12296, 12296, 12412