2, 8.985601902008057, 8.987632036209106, 2 , 41.376650645112875, 0.05993006997506604, 0.03778654897577163, 0.46843287584563786, 4.9602736335443804, 0.39187796336374, 1.5166937585015368e-05, 0.012525930475156183, 6561
3, 4.468902826309204, 4.470079660415649, 3 , 41.376650645112875, 0.05993006997506604, 0.03778654897577163, 0.46843287584563786, 4.9602736335443804, 0.39187796336374, 1.5166937585015368e-05, 0.012525930475156183, 3294, 3267
4, 2.9618377685546875, 2.963043212890625, 5 , 41.376650645112875, 0.05993006997506604, 0.03778654897577163, 0.46843287584563786, 4.9602736335443804, 0.39187796336374, 1.5166937585015368e-05, 0.012525930475156183, 2201, 2190, 2170
5, 2.2370567321777344, 2.2385551929473877, 6 , 41.376650645112875, 0.05993006997506604, 0.03778654897577163, 0.46843287584563786, 4.9602736335443804, 0.39187796336374, 1.5166937585015368e-05, 0.012525930475156183, 1644, 1638, 1680, 1599
6, 1.7743360996246338, 1.775545597076416, 8 , 41.376650645112875, 0.05993006997506604, 0.03778654897577163, 0.46843287584563786, 4.9602736335443804, 0.39187796336374, 1.5166937585015368e-05, 0.012525930475156183, 1328, 1312, 1320, 1289, 1312
7, 1.4840607643127441, 1.4851975440979004, 9 , 41.376650645112875, 0.05993006997506604, 0.03778654897577163, 0.46843287584563786, 4.9602736335443804, 0.39187796336374, 1.5166937585015368e-05, 0.012525930475156183, 1107, 1098, 1098, 1080, 1089, 1089
8, 1.28328275680542, 1.28444242477417, 11 , 41.376650645112875, 0.05993006997506604, 0.03778654897577163, 0.46843287584563786, 4.9602736335443804, 0.39187796336374, 1.5166937585015368e-05, 0.012525930475156183, 935, 935, 951, 924, 935, 946, 935
9, 1.1039295196533203, 1.1050748825073242, 12 , 41.376650645112875, 0.05993006997506604, 0.03778654897577163, 0.46843287584563786, 4.9602736335443804, 0.39187796336374, 1.5166937585015368e-05, 0.012525930475156183, 816, 816, 816, 828, 813, 828, 816, 828
10, 1.0225706100463867, 1.023756742477417, 14 , 41.376650645112875, 0.05993006997506604, 0.03778654897577163, 0.46843287584563786, 4.9602736335443804, 0.39187796336374, 1.5166937585015368e-05, 0.012525930475156183, 630, 770, 756, 756, 756, 756, 742, 756, 639
11, 0.9621284008026123, 0.9632351398468018, 15 , 41.376650645112875, 0.05993006997506604, 0.03778654897577163, 0.46843287584563786, 4.9602736335443804, 0.39187796336374, 1.5166937585015368e-05, 0.012525930475156183, 585, 600, 705, 690, 696, 705, 690, 705, 585, 600
12, 0.8950622081756592, 0.8961865901947021, 17 , 41.376650645112875, 0.05993006997506604, 0.03778654897577163, 0.46843287584563786, 4.9602736335443804, 0.39187796336374, 1.5166937585015368e-05, 0.012525930475156183, 544, 544, 544, 646, 646, 663, 646, 663, 561, 544, 560
13, 0.8508155345916748, 0.8519129753112793, 18 , 41.376650645112875, 0.05993006997506604, 0.03778654897577163, 0.46843287584563786, 4.9602736335443804, 0.39187796336374, 1.5166937585015368e-05, 0.012525930475156183, 522, 504, 504, 522, 612, 612, 612, 612, 522, 504, 513, 522
14, 0.8172461986541748, 0.818335771560669, 20 , 41.376650645112875, 0.05993006997506604, 0.03778654897577163, 0.46843287584563786, 4.9602736335443804, 0.39187796336374, 1.5166937585015368e-05, 0.012525930475156183, 480, 480, 480, 480, 480, 580, 561, 580, 480, 480, 480, 500, 500
15, 0.7758171558380127, 0.7770018577575684, 21 , 41.376650645112875, 0.05993006997506604, 0.03778654897577163, 0.46843287584563786, 4.9602736335443804, 0.39187796336374, 1.5166937585015368e-05, 0.012525930475156183, 462, 462, 450, 462, 462, 441, 525, 546, 462, 462, 441, 462, 462, 462
16, 0.8178954124450684, 0.819058895111084, 23 , 41.376650645112875, 0.05993006997506604, 0.03778654897577163, 0.46843287584563786, 4.9602736335443804, 0.39187796336374, 1.5166937585015368e-05, 0.012525930475156183, 437, 414, 437, 414, 414, 437, 414, 506, 437, 443, 460, 437, 437, 437, 437
17, 0.6927669048309326, 0.6941871643066406, 24 , 41.376650645112875, 0.05993006997506604, 0.03778654897577163, 0.46843287584563786, 4.9602736335443804, 0.39187796336374, 1.5166937585015368e-05, 0.012525930475156183, 408, 417, 408, 408, 408, 408, 408, 408, 408, 432, 408, 408, 408, 408, 408, 408
18, 0.6709792613983154, 0.6723456382751465, 26 , 41.376650645112875, 0.05993006997506604, 0.03778654897577163, 0.46843287584563786, 4.9602736335443804, 0.39187796336374, 1.5166937585015368e-05, 0.012525930475156183, 312, 390, 416, 390, 390, 399, 390, 364, 312, 416, 416, 416, 416, 416, 416, 364, 338
19, 0.7157361507415771, 0.7170836925506592, 27 , 41.376650645112875, 0.05993006997506604, 0.03778654897577163, 0.46843287584563786, 4.9602736335443804, 0.39187796336374, 1.5166937585015368e-05, 0.012525930475156183, 297, 297, 378, 378, 378, 351, 378, 351, 324, 324, 405, 405, 405, 405, 405, 405, 351, 324
20, 0.6524362564086914, 0.6538152694702148, 29 , 41.376650645112875, 0.05993006997506604, 0.03778654897577163, 0.46843287584563786, 4.9602736335443804, 0.39187796336374, 1.5166937585015368e-05, 0.012525930475156183, 290, 319, 290, 377, 377, 384, 406, 377, 290, 290, 290, 377, 377, 406, 406, 377, 319, 290, 319
21, 0.6442217826843262, 0.6456286907196045, 30 , 41.376650645112875, 0.05993006997506604, 0.03778654897577163, 0.46843287584563786, 4.9602736335443804, 0.39187796336374, 1.5166937585015368e-05, 0.012525930475156183, 291, 300, 300, 300, 360, 360, 360, 360, 300, 300, 300, 300, 360, 390, 390, 360, 330, 300, 300, 300
22, 0.6268301010131836, 0.6280274391174316, 32 , 41.376650645112875, 0.05993006997506604, 0.03778654897577163, 0.46843287584563786, 4.9602736335443804, 0.39187796336374, 1.5166937585015368e-05, 0.012525930475156183, 288, 288, 288, 288, 288, 352, 352, 353, 320, 320, 288, 288, 288, 352, 352, 352, 288, 288, 320, 320, 288
23, 0.6419391632080078, 0.6432075500488281, 33 , 41.376650645112875, 0.05993006997506604, 0.03778654897577163, 0.46843287584563786, 4.9602736335443804, 0.39187796336374, 1.5166937585015368e-05, 0.012525930475156183, 297, 297, 264, 264, 297, 264, 363, 330, 264, 264, 297, 264, 291, 297, 363, 363, 264, 264, 297, 330, 297, 330
24, 0.5975039005279541, 0.5988903045654297, 35 , 41.376650645112875, 0.05993006997506604, 0.03778654897577163, 0.46843287584563786, 4.9602736335443804, 0.39187796336374, 1.5166937585015368e-05, 0.012525930475156183, 280, 280, 280, 280, 280, 280, 280, 350, 280, 280, 280, 280, 280, 280, 280, 350, 280, 261, 280, 280, 280, 280, 280
25, 0.615433931350708, 0.6168396472930908, 36 , 41.376650645112875, 0.05993006997506604, 0.03778654897577163, 0.46843287584563786, 4.9602736335443804, 0.39187796336374, 1.5166937585015368e-05, 0.012525930475156183, 252, 252, 288, 252, 288, 288, 252, 252, 252, 252, 252, 288, 252, 252, 252, 252, 324, 324, 288, 288, 288, 288, 297, 288
26, 0.6240987777709961, 0.6255905628204346, 38 , 41.376650645112875, 0.05993006997506604, 0.03778654897577163, 0.46843287584563786, 4.9602736335443804, 0.39187796336374, 1.5166937585015368e-05, 0.012525930475156183, 190, 266, 266, 266, 266, 266, 266, 266, 228, 266, 266, 266, 266, 266, 266, 253, 228, 304, 266, 304, 266, 304, 266, 266, 228
27, 0.6003122329711914, 0.6018290519714355, 39 , 41.376650645112875, 0.05993006997506604, 0.03778654897577163, 0.46843287584563786, 4.9602736335443804, 0.39187796336374, 1.5166937585015368e-05, 0.012525930475156183, 234, 195, 273, 273, 273, 273, 273, 273, 234, 195, 273, 273, 273, 273, 273, 273, 195, 204, 273, 273, 273, 273, 273, 273, 195, 195
28, 0.627690315246582, 0.6290419101715088, 40 , 41.376650645112875, 0.05993006997506604, 0.03778654897577163, 0.46843287584563786, 4.9602736335443804, 0.39187796336374, 1.5166937585015368e-05, 0.012525930475156183, 200, 200, 201, 280, 280, 280, 280, 280, 200, 200, 200, 280, 280, 280, 280, 240, 200, 200, 240, 280, 280, 280, 280, 240, 200, 200, 200
29, 0.6551127433776855, 0.6564829349517822, 42 , 41.376650645112875, 0.05993006997506604, 0.03778654897577163, 0.46843287584563786, 4.9602736335443804, 0.39187796336374, 1.5166937585015368e-05, 0.012525930475156183, 210, 210, 210, 210, 252, 252, 252, 252, 210, 210, 210, 210, 252, 252, 252, 252, 210, 210, 252, 210, 294, 294, 294, 252, 210, 219, 210, 210
30, 0.6026570796966553, 0.6040105819702148, 43 , 41.376650645112875, 0.05993006997506604, 0.03778654897577163, 0.46843287584563786, 4.9602736335443804, 0.39187796336374, 1.5166937585015368e-05, 0.012525930475156183, 215, 215, 215, 215, 215, 258, 258, 215, 215, 215, 215, 215, 215, 258, 258, 258, 215, 215, 215, 215, 215, 258, 258, 240, 215, 215, 215, 215, 215
31, 0.6590170860290527, 0.6603920459747314, 45 , 41.376650645112875, 0.05993006997506604, 0.03778654897577163, 0.46843287584563786, 4.9602736335443804, 0.39187796336374, 1.5166937585015368e-05, 0.012525930475156183, 225, 225, 225, 225, 180, 180, 270, 225, 225, 225, 225, 225, 180, 216, 225, 270, 225, 225, 225, 225, 180, 180, 225, 225, 225, 225, 225, 225, 180, 225
32, 0.6348559856414795, 0.6361949443817139, 46 , 41.376650645112875, 0.05993006997506604, 0.03778654897577163, 0.46843287584563786, 4.9602736335443804, 0.39187796336374, 1.5166937585015368e-05, 0.012525930475156183, 184, 184, 230, 184, 230, 184, 184, 230, 184, 184, 230, 184, 230, 184, 184, 230, 184, 213, 230, 230, 230, 230, 184, 276, 184, 230, 230, 230, 230, 230, 230
33, 0.6200246810913086, 0.6213622093200684, 48 , 41.376650645112875, 0.05993006997506604, 0.03778654897577163, 0.46843287584563786, 4.9602736335443804, 0.39187796336374, 1.5166937585015368e-05, 0.012525930475156183, 192, 192, 192, 192, 192, 192, 192, 144, 240, 192, 240, 240, 192, 192, 192, 192, 225, 192, 240, 192, 240, 192, 192, 192, 240, 240, 240, 192, 192, 192, 240, 192
34, 0.7333259582519531, 0.7347202301025391, 49 , 41.376650645112875, 0.05993006997506604, 0.03778654897577163, 0.46843287584563786, 4.9602736335443804, 0.39187796336374, 1.5166937585015368e-05, 0.012525930475156183, 147, 196, 196, 196, 196, 196, 196, 196, 196, 240, 196, 196, 196, 196, 196, 245, 196, 245, 196, 196, 196, 196, 196, 196, 147, 245, 196, 196, 196, 196, 196, 196, 196
35, 0.5950007438659668, 0.5963661670684814, 51 , 41.376650645112875, 0.05993006997506604, 0.03778654897577163, 0.46843287584563786, 4.9602736335443804, 0.39187796336374, 1.5166937585015368e-05, 0.012525930475156183, 204, 204, 204, 204, 204, 204, 204, 153, 153, 153, 204, 204, 204, 204, 204, 255, 204, 153, 204, 204, 204, 204, 204, 186, 153, 204, 204, 204, 204, 204, 204, 153, 153, 153
36, 0.598268985748291, 0.5996813774108887, 52 , 41.376650645112875, 0.05993006997506604, 0.03778654897577163, 0.46843287584563786, 4.9602736335443804, 0.39187796336374, 1.5166937585015368e-05, 0.012525930475156183, 156, 156, 208, 208, 208, 208, 208, 156, 156, 156, 165, 208, 208, 208, 208, 156, 156, 156, 156, 208, 208, 208, 208, 208, 208, 208, 156, 208, 208, 208, 208, 156, 156, 208, 156
37, 0.6860456466674805, 0.6874291896820068, 54 , 41.376650645112875, 0.05993006997506604, 0.03778654897577163, 0.46843287584563786, 4.9602736335443804, 0.39187796336374, 1.5166937585015368e-05, 0.012525930475156183, 162, 162, 162, 162, 189, 162, 162, 216, 162, 162, 162, 162, 216, 162, 162, 162, 162, 162, 162, 162, 216, 162, 162, 162, 216, 216, 162, 162, 216, 216, 216, 216, 216, 216, 216, 216
38, 0.6510939598083496, 0.6524860858917236, 55 , 41.376650645112875, 0.05993006997506604, 0.03778654897577163, 0.46843287584563786, 4.9602736335443804, 0.39187796336374, 1.5166937585015368e-05, 0.012525930475156183, 165, 165, 165, 165, 165, 165, 165, 165, 165, 165, 165, 165, 165, 220, 220, 220, 165, 165, 165, 181, 165, 220, 220, 165, 165, 165, 165, 165, 165, 220, 220, 165, 165, 220, 165, 165, 165
39, 0.6026482582092285, 0.6040844917297363, 57 , 41.376650645112875, 0.05993006997506604, 0.03778654897577163, 0.46843287584563786, 4.9602736335443804, 0.39187796336374, 1.5166937585015368e-05, 0.012525930475156183, 171, 171, 171, 171, 171, 171, 171, 171, 171, 171, 171, 171, 171, 171, 177, 171, 171, 171, 171, 171, 171, 171, 171, 171, 171, 171, 171, 171, 171, 171, 228, 171, 171, 171, 171, 171, 171, 171
40, 0.6135237216949463, 0.6149654388427734, 58 , 41.376650645112875, 0.05993006997506604, 0.03778654897577163, 0.46843287584563786, 4.9602736335443804, 0.39187796336374, 1.5166937585015368e-05, 0.012525930475156183, 174, 174, 174, 116, 174, 123, 174, 174, 116, 174, 174, 174, 174, 116, 174, 174, 174, 174, 174, 174, 174, 174, 174, 174, 174, 174, 174, 174, 174, 174, 174, 174, 174, 174, 174, 174, 174, 174, 174
41, 0.6247851848602295, 0.6261284351348877, 60 , 41.376650645112875, 0.05993006997506604, 0.03778654897577163, 0.46843287584563786, 4.9602736335443804, 0.39187796336374, 1.5166937585015368e-05, 0.012525930475156183, 180, 180, 120, 180, 180, 180, 180, 180, 180, 180, 120, 120, 120, 120, 120, 180, 120, 120, 180, 120, 180, 120, 180, 120, 180, 180, 180, 180, 180, 180, 180, 180, 180, 180, 180, 180, 180, 201, 180, 180
42, 0.6558654308319092, 0.6572220325469971, 61 , 41.376650645112875, 0.05993006997506604, 0.03778654897577163, 0.46843287584563786, 4.9602736335443804, 0.39187796336374, 1.5166937585015368e-05, 0.012525930475156183, 122, 122, 122, 183, 183, 122, 122, 183, 122, 183, 122, 183, 183, 122, 122, 122, 122, 156, 183, 183, 183, 183, 183, 122, 122, 122, 183, 183, 183, 183, 183, 122, 183, 183, 183, 183, 183, 183, 183, 183, 183
43, 0.7152435779571533, 0.7167999744415283, 63 , 41.376650645112875, 0.05993006997506604, 0.03778654897577163, 0.46843287584563786, 4.9602736335443804, 0.39187796336374, 1.5166937585015368e-05, 0.012525930475156183, 126, 126, 126, 126, 126, 126, 189, 126, 126, 126, 189, 126, 126, 126, 126, 189, 126, 126, 126, 126, 189, 189, 126, 189, 126, 126, 189, 189, 189, 189, 189, 189, 135, 126, 189, 189, 189, 189, 189, 189, 189, 189
44, 0.6453409194946289, 0.6468195915222168, 64 , 41.376650645112875, 0.05993006997506604, 0.03778654897577163, 0.46843287584563786, 4.9602736335443804, 0.39187796336374, 1.5166937585015368e-05, 0.012525930475156183, 128, 128, 128, 128, 192, 128, 128, 192, 128, 128, 128, 192, 128, 128, 192, 128, 128, 128, 128, 128, 128, 192, 128, 192, 128, 128, 128, 128, 128, 192, 128, 128, 192, 128, 161, 192, 192, 192, 192, 192, 192, 192, 192
45, 0.6706545352935791, 0.6721742153167725, 66 , 41.376650645112875, 0.05993006997506604, 0.03778654897577163, 0.46843287584563786, 4.9602736335443804, 0.39187796336374, 1.5166937585015368e-05, 0.012525930475156183, 132, 132, 132, 132, 132, 132, 132, 132, 132, 132, 132, 132, 132, 132, 159, 132, 132, 132, 132, 132, 132, 132, 198, 132, 132, 132, 132, 132, 198, 198, 198, 132, 132, 132, 132, 132, 198, 198, 198, 198, 132, 198, 198, 198
46, 0.6636257171630859, 0.6649410724639893, 67 , 41.376650645112875, 0.05993006997506604, 0.03778654897577163, 0.46843287584563786, 4.9602736335443804, 0.39187796336374, 1.5166937585015368e-05, 0.012525930475156183, 134, 134, 134, 134, 134, 201, 134, 134, 134, 134, 134, 134, 134, 134, 201, 134, 134, 134, 134, 134, 134, 134, 201, 201, 134, 134, 134, 134, 134, 134, 196, 201, 134, 134, 134, 134, 134, 201, 201, 134, 134, 134, 134, 134, 134
47, 0.5976138114929199, 0.5990738868713379, 69 , 41.376650645112875, 0.05993006997506604, 0.03778654897577163, 0.46843287584563786, 4.9602736335443804, 0.39187796336374, 1.5166937585015368e-05, 0.012525930475156183, 138, 138, 138, 138, 138, 138, 138, 138, 138, 138, 138, 138, 138, 138, 138, 144, 138, 138, 138, 138, 138, 138, 138, 138, 138, 138, 138, 138, 138, 138, 207, 138, 138, 138, 138, 138, 138, 138, 207, 207, 138, 138, 138, 138, 138, 138
48, 0.5938448905944824, 0.595282793045044, 70 , 41.376650645112875, 0.05993006997506604, 0.03778654897577163, 0.46843287584563786, 4.9602736335443804, 0.39187796336374, 1.5166937585015368e-05, 0.012525930475156183, 140, 140, 140, 140, 140, 140, 121, 140, 140, 140, 140, 140, 140, 140, 140, 140, 140, 140, 140, 140, 140, 140, 140, 140, 140, 140, 140, 140, 140, 140, 140, 140, 140, 140, 140, 140, 140, 140, 140, 140, 140, 140, 140, 140, 140, 140, 140
49, 0.6081392765045166, 0.609565258026123, 72 , 41.376650645112875, 0.05993006997506604, 0.03778654897577163, 0.46843287584563786, 4.9602736335443804, 0.39187796336374, 1.5166937585015368e-05, 0.012525930475156183, 72, 144, 144, 144, 81, 72, 72, 72, 144, 144, 144, 144, 144, 144, 144, 144, 144, 144, 144, 144, 144, 144, 144, 144, 144, 144, 144, 144, 144, 144, 144, 144, 144, 144, 144, 144, 144, 144, 144, 144, 144, 144, 144, 144, 144, 144, 144, 144
50, 0.6127595901489258, 0.6142237186431885, 73 , 41.376650645112875, 0.05993006997506604, 0.03778654897577163, 0.46843287584563786, 4.9602736335443804, 0.39187796336374, 1.5166937585015368e-05, 0.012525930475156183, 73, 137, 146, 146, 73, 73, 146, 73, 73, 146, 146, 146, 146, 146, 146, 73, 73, 146, 146, 146, 146, 146, 146, 73, 146, 146, 146, 146, 146, 146, 146, 146, 146, 146, 146, 146, 146, 146, 146, 146, 146, 146, 146, 146, 146, 146, 146, 146, 146
51, 0.6239974498748779, 0.6253683567047119, 75 , 41.376650645112875, 0.05993006997506604, 0.03778654897577163, 0.46843287584563786, 4.9602736335443804, 0.39187796336374, 1.5166937585015368e-05, 0.012525930475156183, 75, 75, 150, 150, 150, 111, 150, 150, 75, 75, 150, 150, 150, 150, 150, 75, 150, 75, 150, 150, 150, 150, 150, 75, 75, 75, 150, 150, 150, 150, 150, 150, 75, 150, 150, 150, 150, 150, 150, 150, 75, 75, 150, 150, 150, 150, 150, 150, 150, 150
52, 0.6251237392425537, 0.6265180110931396, 76 , 41.376650645112875, 0.05993006997506604, 0.03778654897577163, 0.46843287584563786, 4.9602736335443804, 0.39187796336374, 1.5166937585015368e-05, 0.012525930475156183, 76, 76, 76, 152, 152, 101, 152, 152, 76, 152, 152, 152, 152, 152, 152, 152, 76, 76, 76, 152, 152, 152, 152, 152, 76, 76, 152, 152, 152, 152, 152, 152, 76, 152, 76, 152, 152, 152, 152, 76, 152, 76, 152, 152, 152, 152, 152, 152, 76, 152, 76
53, 0.7269599437713623, 0.7283282279968262, 77 , 41.376650645112875, 0.05993006997506604, 0.03778654897577163, 0.46843287584563786, 4.9602736335443804, 0.39187796336374, 1.5166937585015368e-05, 0.012525930475156183, 154, 77, 93, 154, 154, 154, 154, 154, 77, 154, 77, 77, 154, 154, 154, 77, 154, 154, 77, 154, 154, 154, 154, 154, 77, 154, 154, 77, 154, 154, 154, 77, 77, 77, 77, 77, 154, 154, 154, 77, 154, 77, 77, 77, 154, 154, 154, 77, 154, 154, 154, 154
54, 0.6811943054199219, 0.6826393604278564, 79 , 41.376650645112875, 0.05993006997506604, 0.03778654897577163, 0.46843287584563786, 4.9602736335443804, 0.39187796336374, 1.5166937585015368e-05, 0.012525930475156183, 79, 79, 79, 79, 79, 83, 79, 79, 79, 79, 79, 79, 79, 158, 158, 79, 79, 79, 79, 79, 79, 158, 158, 158, 158, 79, 158, 79, 79, 158, 158, 79, 158, 158, 158, 158, 158, 158, 158, 158, 158, 158, 158, 158, 158, 158, 158, 158, 158, 158, 158, 158, 158
55, 0.710378885269165, 0.7118790149688721, 80 , 41.376650645112875, 0.05993006997506604, 0.03778654897577163, 0.46843287584563786, 4.9602736335443804, 0.39187796336374, 1.5166937585015368e-05, 0.012525930475156183, 80, 80, 80, 80, 80, 80, 160, 80, 80, 80, 80, 80, 80, 80, 160, 160, 80, 160, 80, 160, 80, 80, 160, 80, 81, 80, 160, 80, 80, 80, 160, 160, 160, 80, 80, 160, 160, 160, 160, 160, 160, 80, 160, 160, 160, 160, 160, 160, 160, 160, 160, 160, 160, 160
56, 0.6908245086669922, 0.6922099590301514, 82 , 41.376650645112875, 0.05993006997506604, 0.03778654897577163, 0.46843287584563786, 4.9602736335443804, 0.39187796336374, 1.5166937585015368e-05, 0.012525930475156183, 164, 82, 82, 164, 164, 82, 82, 164, 82, 82, 164, 82, 164, 83, 164, 164, 82, 164, 164, 82, 164, 164, 82, 164, 82, 164, 82, 82, 82, 82, 164, 164, 164, 82, 82, 164, 82, 82, 164, 164, 164, 82, 82, 82, 82, 82, 82, 164, 82, 164, 82, 164, 82, 164, 82
57, 0.7052249908447266, 0.7066822052001953, 83 , 41.376650645112875, 0.05993006997506604, 0.03778654897577163, 0.46843287584563786, 4.9602736335443804, 0.39187796336374, 1.5166937585015368e-05, 0.012525930475156183, 83, 83, 83, 83, 83, 83, 83, 83, 83, 83, 83, 83, 83, 83, 83, 83, 166, 83, 166, 83, 83, 166, 83, 83, 166, 166, 166, 166, 83, 83, 166, 166, 166, 83, 166, 166, 83, 166, 166, 166, 166, 83, 166, 83, 166, 83, 83, 83, 166, 166, 166, 166, 83, 87, 166, 83
58, 0.6797420978546143, 0.6811347007751465, 85 , 41.376650645112875, 0.05993006997506604, 0.03778654897577163, 0.46843287584563786, 4.9602736335443804, 0.39187796336374, 1.5166937585015368e-05, 0.012525930475156183, 85, 85, 85, 85, 85, 85, 85, 85, 85, 85, 85, 85, 85, 85, 85, 85, 85, 85, 85, 85, 85, 85, 85, 85, 85, 170, 170, 170, 170, 170, 170, 170, 85, 85, 170, 85, 85, 85, 85, 85, 85, 170, 170, 170, 170, 170, 170, 85, 85, 170, 170, 170, 170, 170, 170, 85, 101
59, 0.7669239044189453, 0.7686421871185303, 86 , 41.376650645112875, 0.05993006997506604, 0.03778654897577163, 0.46843287584563786, 4.9602736335443804, 0.39187796336374, 1.5166937585015368e-05, 0.012525930475156183, 86, 86, 86, 172, 86, 86, 172, 172, 86, 86, 86, 86, 86, 86, 86, 86, 86, 86, 172, 172, 86, 86, 86, 172, 86, 86, 172, 86, 86, 172, 172, 172, 86, 86, 86, 86, 172, 86, 86, 86, 86, 86, 172, 86, 172, 172, 172, 86, 86, 86, 111, 172, 172, 172, 86, 86, 86, 86
60, 0.8087940216064453, 0.8103928565979004, 88 , 41.376650645112875, 0.05993006997506604, 0.03778654897577163, 0.46843287584563786, 4.9602736335443804, 0.39187796336374, 1.5166937585015368e-05, 0.012525930475156183, 88, 88, 88, 88, 88, 88, 88, 88, 88, 88, 88, 88, 88, 88, 88, 88, 88, 88, 88, 88, 88, 88, 88, 88, 88, 88, 88, 88, 88, 88, 88, 88, 88, 88, 88, 176, 88, 176, 176, 88, 88, 88, 88, 176, 176, 176, 176, 137, 88, 88, 176, 176, 176, 176, 176, 88, 176, 176, 176
61, 0.7190203666687012, 0.7205405235290527, 89 , 41.376650645112875, 0.05993006997506604, 0.03778654897577163, 0.46843287584563786, 4.9602736335443804, 0.39187796336374, 1.5166937585015368e-05, 0.012525930475156183, 89, 89, 89, 89, 89, 89, 89, 89, 89, 89, 89, 89, 89, 89, 89, 178, 89, 89, 89, 89, 89, 178, 89, 178, 89, 89, 89, 89, 178, 178, 178, 178, 89, 89, 89, 89, 178, 89, 178, 89, 89, 89, 89, 89, 89, 178, 178, 89, 89, 89, 89, 89, 178, 153, 178, 89, 89, 89, 89, 89
62, 0.7205007076263428, 0.7218635082244873, 91 , 41.376650645112875, 0.05993006997506604, 0.03778654897577163, 0.46843287584563786, 4.9602736335443804, 0.39187796336374, 1.5166937585015368e-05, 0.012525930475156183, 91, 91, 91, 91, 91, 182, 182, 91, 91, 91, 91, 91, 91, 182, 91, 91, 91, 91, 91, 91, 91, 91, 182, 182, 91, 91, 91, 91, 91, 91, 91, 91, 91, 91, 91, 91, 91, 182, 91, 91, 91, 91, 91, 91, 91, 91, 182, 182, 91, 91, 91, 91, 91, 182, 182, 182, 91, 91, 91, 100, 91
63, 0.718496561050415, 0.7198712825775146, 92 , 41.376650645112875, 0.05993006997506604, 0.03778654897577163, 0.46843287584563786, 4.9602736335443804, 0.39187796336374, 1.5166937585015368e-05, 0.012525930475156183, 92, 92, 92, 92, 92, 92, 92, 92, 92, 92, 92, 92, 92, 92, 92, 92, 92, 92, 92, 92, 92, 92, 92, 92, 92, 92, 92, 92, 92, 92, 92, 92, 92, 92, 92, 92, 92, 92, 92, 92, 92, 92, 92, 92, 92, 92, 121, 184, 92, 184, 92, 92, 184, 92, 184, 92, 184, 184, 184, 184, 184, 92
64, 0.7189123630523682, 0.7203292846679688, 94 , 41.376650645112875, 0.05993006997506604, 0.03778654897577163, 0.46843287584563786, 4.9602736335443804, 0.39187796336374, 1.5166937585015368e-05, 0.012525930475156183, 94, 94, 94, 94, 94, 94, 94, 94, 94, 94, 94, 94, 94, 94, 94, 188, 94, 94, 94, 94, 94, 94, 94, 188, 94, 94, 94, 94, 94, 94, 94, 94, 94, 94, 94, 94, 94, 94, 94, 94, 94, 94, 94, 188, 94, 94, 94, 94, 94, 188, 94, 94, 94, 94, 94, 188, 94, 169, 94, 94, 188, 94, 94